DNA_Index
2.046211692
1.934442308
1.881942
1.758524462
1.738121538
1.735304846
1.732746462
1.724080308
1.705338
1.656656231
1.656372692
1.647692308
1.615850769
1.613930385
1.603390769
1.569598077
1.561016692
1.560089769
1.550540154
1.505287231
1.496169923
1.419394538
1.416347
1.390872846
1.363144
1.325815615
1.324110692
1.323706769
1.291289154
1.288480538
1.279901077
1.269585846
1.227220769
1.202606385
1.187511308
1.180160154
1.173869
1.166765769
1.15158
1.146604462
1.137784846
1.120435615
1.115677462
1.114866308
1.110472462
1.098767462
1.097001231
1.089671692
1.088004846
1.086827538
1.081858769
1.080945538
1.078539538
1.078003615
1.076813769
1.076426615
1.074230769
1.072812077
1.072255769
1.070989385
1.070376154
1.068227385
1.068054231
1.068026
1.067485154
1.063216077
1.061696
1.060134846
1.059438615
1.057735308
1.056532
1.055691615
1.055103846
1.054143923
1.053857308
1.053258154
1.051359154
1.050496538
1.050416308
1.050376769
1.048624769
1.048486692
1.046858923
1.045883462
1.043788231
1.043752308
1.043586077
1.042731385
1.042066154
1.040830077
1.040647692
1.040554308
1.039835385
1.039380231
1.039250154
1.038319692
1.037961923
1.037108231
1.036861615
1.036777769
1.034319923
1.034150154
1.034009
1.033958308
1.033675769
1.032410462
1.031784846
1.030586846
1.030231692
1.029636923
1.029060769
1.028947154
1.028343462
1.028321769
1.028311154
1.028258462
1.027553
1.027323154
1.027268231
1.026277385
1.026000692
1.025943923
1.025871692
1.025794231
1.025747154
1.025535615
1.025220615
1.025046385
1.024805923
1.024542769
1.024188385
1.023845846
1.023263538
1.022938769
1.022106692
1.021787769
1.021514231
1.021381308
1.021223462
1.021151231
1.021130231
1.020990154
1.020732385
1.020519231
1.020476615
1.020066462
1.019472692
1.019329462
1.019283231
1.019196769
1.018700538
1.018514154
1.018022308
1.017476154
1.017434077
1.017409077
1.016647538
1.016509923
1.016487
1.016234154
1.016126538
1.015350538
1.014325154
1.013101077
1.012988462
1.012927231
1.011486538
1.011135308
1.010940462
1.010662231
1.010499538
1.010411154
1.009574769
1.009243077
1.009170462
1.009007769
1.008665462
1.008613
1.008233462
1.008087231
1.008078846
1.008046769
1.008035846
1.008033231
1.007806
1.007436385
1.007316462
1.007232538
1.007177077
1.007049077
1.006987538
1.006823308
1.005976308
1.005897
1.005770692
1.005765462
1.005700077
1.005498538
1.005103462
1.005033154
1.004930077
1.004844846
1.004268231
1.003977769
1.003230692
1.002970308
1.002724385
1.002101462
1.001655538
1.001475385
1.001283
1.001196
1.001066154
1.001063385
1.000890923
1.000878615
1.000608923
1.000245154
1.000031538
0.999479692
0.999460462
0.999355769
0.998996
0.998961923
0.998848385
0.998571538
0.998042615
0.997935615
0.997787385
0.997755
0.997478846
0.997471462
0.997065846
0.997013231
0.996904923
0.996839462
0.996677846
0.996640538
0.996586077
0.996562538
0.996174846
0.996086615
0.996049
0.995946308
0.99589
0.995601077
0.995560308
0.995132615
0.994735231
0.994326077
0.994222538
0.994218231
0.994024462
0.994011077
0.993978154
0.993923846
0.993858538
0.993417923
0.993101538
0.993094077
0.992981923
0.992867615
0.992766077
0.992757077
0.992664769
0.992646308
0.992429538
0.991635308
0.991348615
0.991280538
0.990802385
0.990402462
0.990269385
0.990181769
0.990094462
0.990057846
0.989795538
0.989572308
0.989214615
0.988916231
0.988751077
0.988581154
0.988385154
0.988309308
0.987853077
0.987564308
0.987433462
0.987398154
0.987351538
0.987293692
0.987266462
0.987175538
0.987158769
0.987096
0.986905462
0.986798846
0.986588769
0.986536769
0.986451923
0.986212615
0.986205231
0.986108154
0.985827077
0.985670308
0.985034154
0.985010462
0.984897077
0.984783615
0.984755308
0.984701385
0.984607231
0.984526538
0.984480077
0.984322769
0.984174308
0.984164077
0.984027
0.983973308
0.983951077
0.983761385
0.983754692
0.983506385
0.983415769
0.983373923
0.983155154
0.982934231
0.982876538
0.982402923
0.982340692
0.981569769
0.981443
0.981239846
0.981188
0.980686231
0.980419846
0.980141385
0.979814692
0.979805538
0.979388154
0.979235154
0.979189308
0.978936231
0.978774846
0.978350077
0.977778077
0.977703462
0.977473462
0.977309462
0.977288846
0.977240077
0.977115846
0.977095077
0.977057231
0.977041462
0.976731231
0.976670923
0.976396231
0.976201231
0.976108615
0.976098077
0.976047154
0.975539615
0.975299231
0.974406385
0.974055231
0.973908923
0.973704692
0.973625846
0.973611615
0.973516538
0.973467077
0.973202615
0.973133692
0.972993538
0.972899923
0.972821231
0.972791538
0.972771538
0.972622615
0.972519692
0.972464154
0.972294385
0.972141154
0.972075923
0.972011846
0.971584692
0.971578385
0.971297462
0.971276769
0.971132846
0.970999538
0.970882
0.970849692
0.970743615
0.970592308
0.970520385
0.970100077
0.970092385
0.970053462
0.969962462
0.969930692
0.969483769
0.969478538
0.969267846
0.968823462
0.968602462
0.968497462
0.968309462
0.967990615
0.967324538
0.967139462
0.967046692
0.966783615
0.966753692
0.966628538
0.966597923
0.966528385
0.966472538
0.966354692
0.966175692
0.966172692
0.965691077
0.965576923
0.965512154
0.965254154
0.965245846
0.965016462
0.964994308
0.964921692
0.964832462
0.964654154
0.964523385
0.964323615
0.964309769
0.963908077
0.963663846
0.963592231
0.963461385
0.963282385
0.963091308
0.962993923
0.962704
0.962690231
0.962661154
0.962633846
0.962427
0.962221615
0.962169846
0.961668846
0.961567769
0.961497923
0.961430615
0.961354769
0.961321615
0.961289385
0.961182231
0.961147538
0.961144
0.960930615
0.960907385
0.960844385
0.960655385
0.960424154
0.960299385
0.960201923
0.960195615
0.959877154
0.959763615
0.959759846
0.959649615
0.959644692
0.959547923
0.959517615
0.959471077
0.959406692
0.959360692
0.959341231
0.959283231
0.959133385
0.959036923
0.958976308
0.958884692
0.958553769
0.958474385
0.958223154
0.958206
0.958199615
0.958030692
0.957952538
0.957855692
0.957825846
0.957675462
0.957578769
0.957509308
0.957306385
0.957151923
0.956995846
0.956901923
0.956487385
0.956315692
0.956288538
0.956244462
0.956177769
0.956151154
0.956147538
0.955965385
0.955965154
0.955897308
0.955680462
0.955664231
0.955560846
0.955285
0.955251308
0.955211462
0.955173769
0.955014769
0.955011231
0.955000462
0.954968538
0.954954385
0.954908154
0.954876308
0.954875692
0.954741
0.954726769
0.954706385
0.954688308
0.954616154
0.954536
0.954505077
0.954450462
0.954371231
0.954218538
0.953969385
0.953860385
0.95378
0.953721923
0.953698769
0.953669769
0.953660538
0.953515462
0.953475769
0.953473692
0.953372462
0.953353615
0.953341
0.953263231
0.953209923
0.953143231
0.953094231
0.953048385
0.952964769
0.952718462
0.952677692
0.952613
0.952465
0.952401462
0.952306538
0.951867308
0.951826231
0.951543077
0.951338923
0.951328
0.951222923
0.951119
0.950976538
0.950939923
0.950939077
0.950905077
0.950848692
0.950740538
0.950698154
0.950658846
0.950594923
0.950594385
0.950576
0.950548538
0.950485923
0.950462615
0.950428154
0.950398846
0.950394154
0.950314538
0.950296231
0.950292
0.950267846
0.950256231
0.950242846
0.950105538
0.950105
0.950070615
0.950067923
0.950046923
0.950030308
0.950013385
0.949892154
0.949831615
0.949807385
0.949713538
0.949630154
0.949574077
0.949466231
0.949460846
0.949445308
0.949348308
0.949310615
0.949309154
0.949217385
0.949194462
0.949133231
0.949085462
0.949069462
0.949030769
0.948844846
0.948641231
0.948593846
0.948485923
0.948223077
0.948024769
0.947886077
0.947881923
0.947818385
0.947736538
0.947519462
0.947437692
0.947437077
0.947392846
0.947275385
0.947241692
0.947075538
0.947048846
0.947007692
0.946850769
0.946806615
0.946803769
0.946794615
0.946787846
0.946781615
0.946762231
0.946726462
0.946324
0.946189462
0.946090462
0.946034769
0.946028462
0.946026385
0.945903462
0.945854385
0.945843385
0.945486692
0.945355231
0.945312769
0.945206538
0.945048154
0.945041308
0.944968
0.944863462
0.944835462
0.944735154
0.944707769
0.944432
0.944349308
0.944171077
0.944102462
0.943965
0.943913462
0.943825923
0.943758846
0.943718692
0.943622154
0.943546308
0.943309615
0.943305385
0.943140538
0.943117692
0.943097923
0.942956923
0.942946154
0.942907538
0.942842615
0.942681077
0.942618769
0.942512231
0.942500615
0.942369308
0.942324231
0.942258462
0.942221692
0.942191077
0.942061154
0.941983615
0.941835769
0.941706615
0.941667385
0.941543769
0.941532462
0.941448
0.941341923
0.941323154
0.941252538
0.941203154
0.941146769
0.941013308
0.940983308
0.940904538
0.940602231
0.940600231
0.940579231
0.940533385
0.940360231
0.940337462
0.940308308
0.940288923
0.940277308
0.940261
0.939985846
0.939855154
0.939566846
0.939532692
0.939497154
0.939384077
0.939341692
0.938979308
0.938973538
0.938933615
0.938882538
0.938874308
0.938845615
0.938764538
0.938756
0.938745385
0.938441231
0.938379385
0.938331462
0.938175769
0.938144462
0.938085769
0.938081385
0.938079462
0.938070846
0.937997923
0.937997077
0.937983077
0.937943385
0.937888462
0.937875231
0.937866231
0.937705231
0.937466077
0.937448615
0.937319615
0.937070385
0.936858231
0.936762385
0.936625308
0.936597692
0.936445846
0.936438615
0.936427154
0.936418692
0.936417308
0.936410923
0.936387385
0.936385769
0.936339385
0.936334308
0.936290154
0.936243846
0.936140538
0.936128615
0.936071769
0.936033231
0.936031923
0.935951231
0.935938846
0.935887538
0.935547231
0.935533308
0.935457154
0.935448154
0.935399538
0.935332538
0.935298538
0.935223615
0.935154769
0.935062538
0.935045538
0.935029538
0.935028538
0.934977769
0.934895308
0.934831923
0.934823846
0.934695154
0.934690154
0.934665692
0.934664615
0.934651462
0.934597615
0.934509692
0.934407
0.934405077
0.934272
0.934138923
0.934106308
0.934060769
0.933920385
0.933892308
0.933766615
0.933754615
0.933740846
0.933642923
0.933572
0.933550615
0.933430923
0.933416692
0.933413615
0.933330462
0.933169462
0.933059077
0.933028846
0.932986923
0.932985923
0.932978462
0.932954846
0.932779308
0.932775154
0.932630462
0.932578385
0.932559308
0.932477154
0.932469538
0.932403692
0.932236385
0.932162923
0.932126692
0.931864462
0.931775846
0.931746308
0.931644385
0.931631385
0.931628154
0.931569077
0.931489615
0.931414769
0.931379231
0.931305385
0.930947769
0.930892231
0.930852538
0.930847692
0.930810077
0.930780077
0.930738615
0.930684077
0.930660846
0.930620538
0.930615385
0.930207077
0.930135538
0.929963231
0.929960077
0.929842538
0.929802
0.929783615
0.929607615
0.929362077
0.929352615
0.929344692
0.929306308
0.929232769
0.929144769
0.929086231
0.929046385
0.929029615
0.928994308
0.928854769
0.928837538
0.928771538
0.928766923
0.928747462
0.928693769
0.928682308
0.928681231
0.928658462
0.928617692
0.928614615
0.928612385
0.928579
0.928543692
0.928509154
0.928457538
0.928411769
0.928384615
0.928367923
0.928354077
0.928257462
0.928199846
0.928162077
0.928148154
0.928070154
0.928067923
0.928046077
0.927991385
0.927656692
0.927573462
0.927565846
0.927523
0.927494692
0.927287692
0.927178846
0.927107769
0.927032077
0.926997769
0.926903385
0.926889231
0.926780538
0.926673692
0.926631769
0.926544154
0.926542077
0.926475769
0.926422462
0.926415769
0.926367923
0.926290231
0.926159077
0.926121923
0.926063308
0.925933077
0.925885231
0.925879462
0.925856538
0.925724308
0.925598769
0.925546462
0.925511692
0.925257
0.925240692
0.925232308
0.925230923
0.925140692
0.925134
0.925127923
0.924984615
0.924981462
0.924905077
0.924762
0.924718231
0.924706077
0.924652154
0.924630923
0.924569308
0.924447462
0.924424231
0.924321615
0.924268769
0.924230154
0.924168154
0.924166
0.924160769
0.92415
0.924018385
0.923993385
0.923952077
0.923889077
0.923833923
0.923814615
0.923792923
0.923686769
0.923628
0.923624154
0.923492462
0.923370615
0.923339231
0.923300615
0.923256692
0.923252769
0.923166923
0.923148923
0.923130385
0.923117462
0.923101538
0.922959923
0.922941692
0.922893538
0.922835846
0.922743615
0.922718462
0.922690385
0.922642
0.922606154
0.922564385
0.922529308
0.922520615
0.922469154
0.922462231
0.922434231
0.922404538
0.922323846
0.922259
0.922256615
0.922242769
0.922242385
0.922218923
0.922204769
0.922185769
0.922177
0.922171077
0.922079385
0.922043846
0.921860462
0.921852308
0.92184
0.921815
0.921805308
0.921736692
0.921630692
0.921617231
0.921608154
0.921577462
0.92157
0.921546308
0.921513385
0.921512
0.921506615
0.921482308
0.921472846
0.921438846
0.921404
0.921343462
0.921225
0.921185231
0.921163308
0.921156615
0.921126692
0.921075462
0.921042154
0.920972846
0.920926692
0.920867462
0.920760154
0.920629769
0.920596846
0.920501385
0.920449385
0.920411231
0.920400538
0.920340308
0.920299923
0.920246
0.920164385
0.920136231
0.920060615
0.919949077
0.919760154
0.919751846
0.919664077
0.919529846
0.919527615
0.919526846
0.919466692
0.919415154
0.919384462
0.919320231
0.919314077
0.919269692
0.919227538
0.919098769
0.919019692
0.918939692
0.918928769
0.918836308
0.918820077
0.918800308
0.918800308
0.918793308
0.918758769
0.918643308
0.918634769
0.918631077
0.918527
0.918469
0.918464077
0.918436154
0.918407385
0.918402615
0.918386385
0.918374308
0.918373385
0.918306231
0.918259769
0.918204077
0.918179846
0.918164692
0.918158231
0.918146615
0.918094385
0.918028692
0.917983615
0.917930769
0.917877769
0.917750231
0.917748
0.917726923
0.917701231
0.917650615
0.917635538
0.917622385
0.917619308
0.917552615
0.917501
0.917494308
0.917474462
0.917469538
0.917453846
0.917376769
0.917135769
0.917083538
0.917078
0.917049923
0.917018385
0.916912923
0.916839538
0.916826846
0.916752692
0.916729923
0.916616769
0.916590769
0.916520538
0.916472615
0.916436077
0.916432846
0.916406462
0.916294385
0.916181923
0.916158615
0.915970692
0.915921385
0.915906538
0.915838462
0.915836077
0.915817846
0.915813231
0.915804
0.915738231
0.915702308
0.915699308
0.915678077
0.915649462
0.915538231
0.915536308
0.915527615
0.915522462
0.915479
0.915437923
0.915399077
0.915388769
0.915321538
0.915170462
0.914986538
0.914948385
0.914922615
0.914887
0.914819308
0.914755615
0.914749538
0.914744692
0.914721231
0.914687077
0.914659077
0.914629231
0.914581077
0.914576923
0.914571231
0.914485692
0.914344308
0.914319769
0.914257
0.914157077
0.914146538
0.914094154
0.914034462
0.914023385
0.914010077
0.913947462
0.913900692
0.913647385
0.913638154
0.913620846
0.913617077
0.913554077
0.913467231
0.913425923
0.913329615
0.913311154
0.913288385
0.913278231
0.913255154
0.913214769
0.913155692
0.913114462
0.913055462
0.913016462
0.913009769
0.912997615
0.912981538
0.912928385
0.912918846
0.912917769
0.912910846
0.912888769
0.912883846
0.912873769
0.912872923
0.912796538
0.912710615
0.912704077
0.912696692
0.912666385
0.912618
0.912606462
0.912409308
0.912336
0.912281
0.912245538
0.912196385
0.912178769
0.912149846
0.912145
0.912068538
0.912035769
0.911982077
0.911930462
0.911900154
0.911883308
0.911850231
0.911805154
0.911751769
0.911642846
0.911627154
0.911624615
0.911610846
0.911490077
0.911481077
0.911469154
0.911446692
0.911342308
0.911318769
0.911296231
0.911286
0.911283077
0.911280923
0.911271385
0.911251923
0.911222077
0.911206385
0.911174
0.911160692
0.911114462
0.911102077
0.911031846
0.911021077
0.911007077
0.911001462
0.910971154
0.910933308
0.910919077
0.910910385
0.910829231
0.910787462
0.910739615
0.910699615
0.910649538
0.910632154
0.910587154
0.910574462
0.910565308
0.910515231
0.910461154
0.910460769
0.910382154
0.910370615
0.910348154
0.910334231
0.910319846
0.910292462
0.910281692
0.910274923
0.910231231
0.910206154
0.910189462
0.910183769
0.910174462
0.910167231
0.910153077
0.910145231
0.910089538
0.910078846
0.909985154
0.909958154
0.909955308
0.909934923
0.909826769
0.909814769
0.909810538
0.909796154
0.909783231
0.909770615
0.909728154
0.909725385
0.909618231
0.909587385
0.909582077
0.909572538
0.909564769
0.909564154
0.909559923
0.909547769
0.909414769
0.909412538
0.909411385
0.909372923
0.909330308
0.909299308
0.909272769
0.909227692
0.909194923
0.909189462
0.909156692
0.909105692
0.909100154
0.909074615
0.909070077
0.909027077
0.909026308
0.909016077
0.908990538
0.908990385
0.908904154
0.908894615
0.908872231
0.908866769
0.908842923
0.908754846
0.908709462
0.908614769
0.908548769
0.908467846
0.908463615
0.908455077
0.908441615
0.908405154
0.908296154
0.908271
0.908261846
0.908255308
0.908254923
0.908166846
0.908149538
0.908134154
0.908126385
0.908106923
0.908088462
0.907972308
0.907791462
0.907781846
0.907726923
0.907704
0.907676692
0.907654462
0.907631538
0.907477154
0.907457615
0.907456923
0.907421231
0.907416077
0.907390154
0.907382154
0.907348308
0.907339231
0.907333538
0.907302462
0.907230077
0.907214846
0.907208308
0.907183077
0.907067077
0.907035
0.907005615
0.907000615
0.906968462
0.906890615
0.906883
0.906835231
0.906766077
0.906765385
0.906712538
0.906663077
0.906632462
0.906600846
0.906595385
0.906572538
0.906529615
0.906484846
0.906478385
0.906468231
0.906454846
0.9064
0.906342077
0.906300385
0.906287692
0.906282308
0.906268231
0.906252231
0.906220154
0.906099538
0.906070846
0.906053769
0.906030692
0.905999462
0.905954077
0.905903462
0.905900077
0.905880385
0.905801769
0.905765769
0.905726077
0.905725615
0.905719154
0.905630769
0.905608615
0.905553
0.905492308
0.905472846
0.905471538
0.905431385
0.905418615
0.905340923
0.905326
0.905301692
0.905297846
0.905289923
0.905278462
0.905276846
0.905205385
0.905161538
0.905137692
0.905137538
0.905124231
0.905069308
0.905013385
0.905001462
0.904961615
0.904922308
0.904826
0.904818769
0.904806154
0.904804923
0.904791923
0.904769615
0.904722308
0.904710923
0.904670308
0.904653615
0.904592385
0.904581846
0.904565769
0.904556
0.904549462
0.904536308
0.904526231
0.904499462
0.904469462
0.904428154
0.904356231
0.904143077
0.904103
0.904042385
0.904025385
0.903993462
0.903984692
0.903958385
0.903949538
0.903890846
0.903882769
0.903841769
0.903840154
0.903828692
0.903814846
0.903769
0.903741154
0.903723846
0.903668615
0.903633077
0.903625692
0.903620462
0.903618231
0.903615462
0.903612077
0.903595385
0.903590538
0.903518923
0.903503231
0.903433615
0.903407462
0.903397615
0.903384231
0.903363077
0.903347538
0.903311077
0.903248846
0.903238538
0.903237769
0.903237615
0.903214231
0.903204
0.903193308
0.903125462
0.903116077
0.903099308
0.903084385
0.903065923
0.903025308
0.903007923
0.903001462
0.902971462
0.902916385
0.902848154
0.902842385
0.902817692
0.902792769
0.902767077
0.902749462
0.902736
0.902735538
0.902607615
0.902567
0.902515462
0.902494846
0.902485231
0.902455923
0.902382231
0.902355692
0.902350154
0.902321462
0.902318846
0.902265462
0.902243385
0.902215769
0.902134385
0.902123923
0.902109154
0.902079
0.902048154
0.902009231
0.902002077
0.901993154
0.901944615
0.901936769
0.901894846
0.901803769
0.901800462
0.901767308
0.901739385
0.901710769
0.901686154
0.90166
0.901619846
0.901564
0.901533077
0.901533077
0.901530769
0.901526615
0.901498462
0.901484154
0.901469385
0.901439231
0.901413154
0.901401615
0.901277154
0.901276462
0.901225385
0.901218077
0.901214
0.901182615
0.901151923
0.901124462
0.901123769
0.901088
0.901048
0.901003846
0.900981462
0.900973692
0.900955769
0.900933385
0.900923231
0.900907769
0.900867154
0.900831308
0.900823769
0.900808385
0.900800154
0.900768846
0.900760538
0.900733846
0.900686692
0.900683231
0.900654308
0.900578462
0.900525
0.900524308
0.900505615
0.900502308
0.900502308
0.900477
0.900406
0.900394769
0.900338154
0.900320077
0.900314615
0.900313077
0.900294769
0.900269
0.900266231
0.900252846
0.900206846
0.900193
0.900189615
0.900188923
0.900183615
0.900084846
0.900058692
0.900015923
0.899997385
0.899881692
0.899636538
0.899617769
0.899593538
0.899549231
0.899530385
0.899513308
0.899452462
0.899394
0.899389538
0.899327462
0.899327231
0.899286923
0.899274538
0.899257769
0.899235308
0.899225923
0.899216
0.899133231
0.899119385
0.899086077
0.899084923
0.899070231
0.899065462
0.899001923
0.898953231
0.898886615
0.898882154
0.898864308
0.898858154
0.898829308
0.898816154
0.898809308
0.898805692
0.898672308
0.898671846
0.898572077
0.898551846
0.898541846
0.898498538
0.898422
0.898418615
0.898399692
0.898387
0.898265231
0.898228846
0.898225308
0.898204231
0.898184846
0.898165692
0.898092462
0.898089692
0.898065769
0.898044308
0.898035462
0.898003
0.897990769
0.897980846
0.897951231
0.897944769
0.897906538
0.897902154
0.897852385
0.897831385
0.897804769
0.897773615
0.897751231
0.897711692
0.897689231
0.897682615
0.897658538
0.897643923
0.897609
0.897583923
0.897466462
0.897452385
0.897448077
0.897447231
0.897430385
0.897384846
0.897337769
0.897337231
0.897285462
0.897184538
0.897180462
0.897145462
0.897041923
0.897030615
0.897021538
0.897013308
0.896953846
0.896949923
0.896886769
0.896873385
0.896839615
0.896823692
0.896800462
0.896797462
0.896773846
0.896755
0.896744308
0.896736923
0.896662462
0.896605077
0.896581231
0.896546308
0.896530769
0.896503846
0.896462846
0.896421231
0.896414
0.896413846
0.896383154
0.896378077
0.896370769
0.896356077
0.896330923
0.896304308
0.896270308
0.896216923
0.896188385
0.896100231
0.896089
0.896051846
0.896051308
0.896044077
0.895994462
0.895970615
0.895946462
0.895912615
0.895873923
0.895872462
0.895841692
0.895801615
0.895767154
0.895765308
0.895765231
0.895750923
0.895712385
0.895690769
0.895660231
0.895658385
0.895651462
0.895607846
0.895578308
0.895561538
0.895558769
0.895543615
0.895531154
0.895515154
0.895510462
0.895427077
0.895417923
0.895413308
0.895358615
0.895333231
0.895328923
0.895278154
0.895268154
0.895262154
0.895195385
0.895177
0.895151154
0.895138769
0.895134769
0.895126769
0.895107923
0.895103308
0.895086077
0.895038923
0.895032846
0.894987923
0.894973769
0.894934231
0.894924615
0.894900308
0.894876846
0.894851769
0.894757615
0.894749615
0.894694769
0.894644077
0.894619385
0.894608308
0.894583462
0.894554923
0.894513769
0.894444
0.894431077
0.894411
0.894386615
0.894363
0.894327538
0.894309385
0.894304231
0.894280231
0.894277154
0.894252692
0.894158
0.894139
0.894130615
0.894125769
0.894070769
0.894063462
0.894056923
0.893972538
0.893899923
0.893854385
0.893851154
0.89383
0.893808308
0.893776308
0.893759077
0.893713308
0.893632462
0.893612308
0.893604
0.893579385
0.893509308
0.893475462
0.893411
0.893394385
0.893376077
0.893289385
0.893289308
0.893269538
0.893186538
0.893164077
0.893131231
0.893120462
0.893109462
0.893061308
0.893021846
0.893018692
0.892989615
0.892970846
0.892962
0.892927154
0.892923692
0.892897385
0.892884846
0.892873846
0.892871615
0.892862077
0.892832769
0.892759538
0.892751769
0.892727077
0.892716846
0.892716385
0.892703538
0.892674
0.892664615
0.892627077
0.892588538
0.892512769
0.892490615
0.892458462
0.892444154
0.892433692
0.892424308
0.892408615
0.892388846
0.892386462
0.892382462
0.892363615
0.892327538
0.892314231
0.892218
0.892154538
0.892109231
0.892080615
0.892067846
0.892030077
0.892027769
0.892027462
0.891997231
0.891982231
0.891966385
0.891956
0.891937308
0.891859538
0.891823231
0.891806538
0.891804538
0.891790692
0.891748308
0.891709308
0.891677385
0.891669692
0.891652538
0.891625308
0.891616538
0.891591538
0.891548308
0.891519769
0.891511692
0.891511154
0.891510154
0.891470154
0.891420769
0.891406538
0.891394077
0.891322154
0.891299615
0.891205692
0.891194769
0.891188
0.891182308
0.891163154
0.891139154
0.891045385
0.891004077
0.891003615
0.891000769
0.890998846
0.890991308
0.890943154
0.890920769
0.890879385
0.890866769
0.890865538
0.890852231
0.890837615
0.890810308
0.890785385
0.890769692
0.890742308
0.890729077
0.890726615
0.890674923
0.890643077
0.890641231
0.890639385
0.890516615
0.890509462
0.890494692
0.89046
0.890438385
0.890398308
0.890356462
0.890354769
0.890288923
0.890285154
0.890273692
0.890264385
0.890248538
0.890243538
0.890242231
0.890236692
0.890206
0.890174154
0.890172231
0.890159846
0.890124846
0.890116923
0.890091692
0.890061
0.889988385
0.889976385
0.889897
0.889883923
0.889871538
0.889864538
0.889846077
0.889827
0.88977
0.889768846
0.889726308
0.889674
0.889594077
0.889588615
0.889528077
0.889518692
0.889476846
0.889465
0.889447538
0.889421
0.889414615
0.889394846
0.889390077
0.889304308
0.889292846
0.889253846
0.889232308
0.889136538
0.889123692
0.889096
0.889083615
0.889058385
0.889052308
0.889042692
0.889009538
0.888930923
0.888914077
0.888892077
0.888819615
0.888786308
0.888778077
0.888731769
0.888655462
0.888546692
0.888534308
0.888504077
0.888497923
0.888393231
0.888389923
0.888336
0.888331769
0.888330385
0.888295538
0.888254769
0.888173692
0.888160308
0.888120846
0.888066462
0.887899231
0.887888
0.887881769
0.887872077
0.887819692
0.887801846
0.887763846
0.887757231
0.887748923
0.887748615
0.887656231
0.887591462
0.887589846
0.887584769
0.887583769
0.887565923
0.887559077
0.887539692
0.887510923
0.887459769
0.887437692
0.887430077
0.887409846
0.887334769
0.887317769
0.887276923
0.887221769
0.887210385
0.887202154
0.887192923
0.887047769
0.887047769
0.887045692
0.886995615
0.886959923
0.886943692
0.886921615
0.886885538
0.886873308
0.886867231
0.886802231
0.886743
0.886721615
0.886656615
0.886654385
0.886652077
0.886633846
0.886590923
0.886589769
0.886583231
0.886579846
0.886579692
0.886568308
0.886565462
0.886562846
0.886542077
0.886501077
0.886471077
0.886450077
0.886430538
0.886389308
0.886350308
0.886332
0.886235692
0.886205
0.886198077
0.886197846
0.886148308
0.886138462
0.886119308
0.886083769
0.886007692
0.885996385
0.885942308
0.885915846
0.885864923
0.885841923
0.885832231
0.885828308
0.885809462
0.885794692
0.885754077
0.885748154
0.885720231
0.885669385
0.885634154
0.885618385
0.885608923
0.885605
0.885594538
0.885570308
0.885556462
0.885549385
0.885547385
0.885540692
0.885540692
0.885533923
0.885487
0.885441231
0.885424154
0.885394923
0.885394538
0.885388154
0.88532
0.885318769
0.885302923
0.885291385
0.885223
0.885211385
0.885176385
0.885170615
0.885141154
0.885137769
0.885126308
0.885120154
0.885099385
0.885095154
0.885089385
0.885069
0.885053231
0.885020692
0.884992615
0.884989538
0.884973385
0.884960615
0.884915154
0.884873846
0.884864154
0.884848462
0.884823
0.884793846
0.88474
0.884683769
0.884624077
0.884606462
0.884601308
0.884599538
0.884479538
0.884468154
0.884461231
0.884432077
0.884426462
0.884404538
0.884402308
0.884379308
0.884346538
0.884345615
0.88424
0.884228769
0.884215077
0.884193154
0.884191
0.884190462
0.884165462
0.884138231
0.884111923
0.88409
0.884050615
0.884002385
0.883981923
0.883919923
0.883917385
0.883904846
0.883867538
0.883856385
0.883825846
0.883809692
0.883768308
0.883763769
0.883674231
0.883667538
0.883661308
0.883646308
0.883601692
0.883587692
0.883550538
0.883543231
0.883540462
0.883536769
0.883522231
0.883451538
0.883441231
0.883438
0.883415077
0.883407769
0.883401231
0.883399615
0.883398769
0.883370462
0.883362692
0.883358
0.883337692
0.883331
0.883300692
0.883298385
0.88328
0.883250385
0.883227615
0.883209308
0.883164462
0.883120308
0.883118923
0.883113692
0.883094231
0.883082308
0.883036769
0.883016615
0.88301
0.883001846
0.882987231
0.882921692
0.882864462
0.882856923
0.882826385
0.882806385
0.882802769
0.882797231
0.882777077
0.882669077
0.882635692
0.882635231
0.882605308
0.882554
0.882548
0.882547
0.882491615
0.882447692
0.882415846
0.882411769
0.882407923
0.882403077
0.882390308
0.882348769
0.882345
0.882329538
0.882282308
0.882232769
0.882184615
0.882180538
0.882180462
0.882175692
0.882091077
0.882065231
0.882022231
0.882013846
0.881988077
0.881986923
0.881967077
0.881942231
0.881893
0.881873846
0.881866
0.881803769
0.881795
0.881760769
0.881758308
0.881756538
0.881726154
0.881701154
0.881660077
0.881649769
0.881638308
0.881613923
0.881569231
0.881492846
0.881478692
0.881459385
0.881438231
0.881433462
0.881416692
0.881401846
0.881387154
0.881345846
0.881336769
0.881303077
0.881283308
0.881199846
0.881173692
0.881171692
0.881163231
0.881147
0.881140846
0.881125538
0.881122692
0.881105077
0.881086231
0.881076231
0.881051154
0.881018538
0.881007231
0.880958692
0.880935615
0.880933462
0.880894
0.880867615
0.880862538
0.880844308
0.880842231
0.880771769
0.880734923
0.880723385
0.880698462
0.880682231
0.880678077
0.880665077
0.880628769
0.880628538
0.880622385
0.880608077
0.880606846
0.880586077
0.880508231
0.880488077
0.880487154
0.880442692
0.880422846
0.880420538
0.880353462
0.880297385
0.880293077
0.880275846
0.880270154
0.880263308
0.880246538
0.880211615
0.880206385
0.880191769
0.880188692
0.880161923
0.880067385
0.880042615
0.880042077
0.880026462
0.880025385
0.880010462
0.880006385
0.879994692
0.879984077
0.879974923
0.879973385
0.879959769
0.879922
0.879912615
0.879859615
0.879850923
0.879827615
0.879818769
0.879740231
0.879727154
0.879712231
0.879706308
0.879659231
0.879654462
0.879613923
0.879593231
0.879578385
0.879537308
0.879491846
0.879491692
0.879486538
0.879473769
0.879440154
0.879432308
0.879427692
0.879420154
0.879361923
0.879337154
0.879334692
0.879314154
0.879305154
0.879286615
0.879281769
0.879166154
0.879143923
0.879125769
0.879113077
0.879056692
0.879046154
0.879026538
0.879020231
0.879016385
0.879006154
0.879003615
0.878993538
0.878940308
0.878935154
0.878934462
0.878918923
0.878917538
0.878894538
0.878871615
0.878858462
0.878856077
0.878847769
0.878814769
0.878813692
0.878813
0.878809769
0.878800154
0.87878
0.878765308
0.878746923
0.878746538
0.878731077
0.878692154
0.878599154
0.878578462
0.878578077
0.878547692
0.878545769
0.878543923
0.878528462
0.878524308
0.878512923
0.878509769
0.878508769
0.878483846
0.878475154
0.878472769
0.878461846
0.878402462
0.878387538
0.878346
0.878342077
0.878339077
0.878321923
0.878317385
0.878276923
0.878272077
0.878254846
0.878246692
0.878234923
0.878211077
0.878139846
0.878128923
0.878089846
0.878079692
0.878076923
0.878051308
0.878020462
0.877978231
0.877962923
0.877935
0.877920077
0.877908538
0.877878769
0.877878538
0.877848615
0.877844462
0.877821615
0.877815769
0.877765692
0.877734846
0.877697462
0.877686769
0.877596692
0.877596615
0.877592308
0.877487462
0.877441231
0.877407385
0.877368615
0.877326538
0.877310615
0.877298692
0.877280154
0.877279615
0.877211615
0.877190538
0.877175308
0.877132615
0.877130231
0.877127385
0.877111077
0.877092538
0.877092308
0.877040385
0.877040077
0.877039538
0.877039077
0.877025231
0.876983692
0.876978077
0.876966077
0.876938
0.876930231
0.876915154
0.876911846
0.876908231
0.876859538
0.876853
0.876841923
0.876837385
0.876815769
0.876810615
0.876777846
0.876756846
0.876736308
0.876642385
0.876631769
0.876607308
0.876600846
0.876597385
0.876547846
0.876504
0.876502538
0.876447615
0.876423923
0.876388846
0.876370154
0.876342692
0.876336923
0.876336615
0.876326846
0.876309769
0.876296769
0.876281615
0.876265923
0.876228077
0.876226462
0.876194077
0.876174
0.876149
0.876119154
0.876116154
0.876079
0.876064231
0.876013923
0.876009077
0.875987077
0.875984077
0.875981154
0.875963077
0.875944846
0.875914769
0.875909385
0.875898846
0.875884231
0.875867538
0.875853538
0.875841846
0.875831923
0.875824692
0.875766462
0.875754692
0.875706
0.875704
0.875680923
0.875658923
0.875657462
0.875650769
0.875596231
0.875557462
0.875541308
0.875510769
0.875487077
0.875466692
0.875449923
0.875439385
0.875437
0.875431231
0.875424154
0.875409538
0.875383462
0.875373
0.875353923
0.875347923
0.875345769
0.875341308
0.875313615
0.875278154
0.875271308
0.875233769
0.875227385
0.875208615
0.875208385
0.875185538
0.875178692
0.875136385
0.875096846
0.875050538
0.875021308
0.875001231
0.874973385
0.874939231
0.874938462
0.874913308
0.874907615
0.874899692
0.874882538
0.874856769
0.874849308
0.874841846
0.874818308
0.874801308
0.874787385
0.874775769
0.874768846
0.874764308
0.874759692
0.874751231
0.874711538
0.874665846
0.874652692
0.874647692
0.874609692
0.874599923
0.874593154
0.874578462
0.874544615
0.874511538
0.874510385
0.874502923
0.874492077
0.874482692
0.874478077
0.874474385
0.874393154
0.874336154
0.874328308
0.874319615
0.874300538
0.874271692
0.874268385
0.874259923
0.874259308
0.874256846
0.874226462
0.874215
0.8742
0.874196308
0.874170077
0.874160923
0.874151846
0.874137615
0.874105615
0.874100154
0.874089769
0.874070692
0.874068308
0.874064308
0.874057385
0.874054538
0.874049385
0.874044231
0.874017692
0.874004385
0.873991308
0.873983769
0.873978462
0.873968769
0.873959769
0.873943538
0.873935923
0.873933462
0.873908
0.873902308
0.873885615
0.873855231
0.873829692
0.873782308
0.873744
0.873742615
0.873734615
0.873716462
0.873681923
0.873664923
0.873658846
0.873647692
0.873548154
0.873493308
0.873476
0.873442769
0.873422923
0.873420692
0.873401154
0.873377231
0.873358923
0.873355308
0.873342769
0.873317
0.873307
0.873298077
0.873297308
0.873296
0.873285615
0.873279
0.873267923
0.873264231
0.873230769
0.873226769
0.873182462
0.873160846
0.873140846
0.873056
0.873055615
0.873048231
0.873009231
0.872994231
0.872994077
0.872988077
0.872976231
0.872963385
0.872926769
0.872924692
0.872924231
0.872921154
0.872884615
0.872883615
0.872871077
0.872817846
0.872793077
0.872791692
0.872769923
0.872751538
0.872740846
0.872728308
0.872677692
0.872605769
0.872586692
0.872570077
0.872557385
0.872555231
0.872543385
0.872500385
0.872469231
0.872467077
0.872445308
0.872403923
0.872374692
0.872371846
0.872366077
0.872346769
0.872344692
0.872327077
0.872315538
0.872281
0.872199923
0.872184231
0.872179385
0.872164308
0.872108308
0.872108077
0.872090308
0.872078385
0.872032077
0.872014308
0.871985692
0.871977769
0.871977692
0.871968615
0.871961692
0.871936154
0.871927769
0.871882462
0.871877769
0.871875385
0.871866154
0.871767538
0.871754923
0.871736692
0.871712769
0.871684308
0.871676846
0.871668692
0.871665308
0.871651538
0.871640462
0.871632615
0.871565538
0.871564846
0.871559077
0.871537923
0.871526
0.871486692
0.871425154
0.871398077
0.871344462
0.871332154
0.871328538
0.871252385
0.871232308
0.871230615
0.871213692
0.871172846
0.871165923
0.871157
0.871109846
0.871091231
0.871050077
0.871045154
0.871043231
0.871033846
0.871002923
0.870994769
0.870992
0.870979462
0.870977154
0.870969692
0.870880769
0.870844692
0.870843077
0.870829538
0.870826692
0.870826462
0.870769769
0.870752
0.870743154
0.870713
0.870706231
0.870695846
0.870694385
0.870693538
0.870689462
0.870686462
0.870652769
0.870634231
0.870616923
0.870605385
0.870583692
0.870567923
0.870555
0.870532231
0.870524
0.870509538
0.870502
0.870468077
0.870463231
0.870459538
0.870441
0.870387692
0.870386538
0.870332308
0.870314231
0.870311385
0.870288
0.870269692
0.870254769
0.870246615
0.870246538
0.870238615
0.870229231
0.870222462
0.870218846
0.870211692
0.870200154
0.8702
0.870166846
0.870166462
0.870095231
0.870087231
0.870077923
0.870074385
0.870024769
0.870024
0.870008462
0.869993769
0.869986923
0.869973077
0.869963462
0.869935692
0.869923077
0.869873692
0.869869154
0.869838769
0.869786538
0.869705923
0.869702308
0.869667769
0.869661308
0.869658385
0.869651462
0.869626231
0.869592231
0.869586769
0.869571
0.869555692
0.869523769
0.869505308
0.869502923
0.869496538
0.869480385
0.869479462
0.869447077
0.86944
0.869428615
0.869399923
0.869388615
0.869330077
0.869314769
0.869311538
0.869265077
0.869262615
0.869252923
0.869244923
0.869233
0.869229231
0.869226308
0.869225231
0.869201
0.869196462
0.869194538
0.869194231
0.869189077
0.869177308
0.869171154
0.869149769
0.869145692
0.869085538
0.869079308
0.869067231
0.869049231
0.869047385
0.869025692
0.869008154
0.869005462
0.868964615
0.868949615
0.868935154
0.868910769
0.868910154
0.868896154
0.868890462
0.868867077
0.868864154
0.868798
0.868788462
0.868775077
0.868756923
0.868748692
0.868719
0.868664462
0.868649692
0.868641615
0.868630615
0.868630538
0.868622923
0.868604615
0.868575846
0.868563308
0.868557692
0.868539231
0.868536769
0.868513769
0.868502
0.868480308
0.868474077
0.868470923
0.868456
0.868435846
0.868434615
0.868414846
0.868400923
0.868389154
0.868386308
0.868381462
0.868377846
0.868370692
0.868344231
0.868259769
0.868233231
0.868220846
0.868219385
0.868219231
0.868170615
0.868138923
0.868124308
0.868096385
0.868095615
0.868085385
0.868084154
0.868069538
0.868063154
0.868059462
0.868059231
0.868021077
0.868012923
0.867981538
0.867948462
0.867937154
0.867936692
0.867892538
0.867867231
0.867861692
0.867846692
0.867838462
0.867813615
0.867802615
0.867802154
0.867795923
0.867778231
0.867759846
0.867756769
0.867746615
0.867721538
0.867708923
0.867628462
0.867604077
0.867600923
0.867593308
0.867585846
0.867573538
0.867531154
0.867527846
0.867522154
0.867521538
0.867519077
0.867518385
0.867503154
0.867491538
0.867475154
0.867473154
0.867469692
0.867429077
0.867352923
0.867329462
0.867323231
0.867305385
0.867295385
0.867288231
0.867286077
0.867285
0.867284538
0.867252
0.867251538
0.867242385
0.867237846
0.867236615
0.867224
0.867223154
0.867209231
0.867161923
0.867129077
0.867123769
0.867098462
0.867087231
0.867074615
0.867068462
0.867062231
0.866978846
0.866974154
0.866970462
0.866959385
0.866815846
0.866811769
0.866790308
0.866768385
0.866766923
0.866756077
0.866688846
0.866670462
0.866656231
0.866636769
0.866629231
0.866602538
0.866589385
0.866566154
0.866561692
0.866556462
0.866555231
0.866549308
0.866546385
0.866530308
0.866525615
0.866519154
0.866509923
0.866493615
0.866480846
0.866472
0.866441692
0.866422308
0.866353
0.866344923
0.866342769
0.866339923
0.866333231
0.866329462
0.866276154
0.866273308
0.866270231
0.866265231
0.866228231
0.866185231
0.866184846
0.866183385
0.866136308
0.866130692
0.866116769
0.866075385
0.866069769
0.866055385
0.866050231
0.866033077
0.866031308
0.865993154
0.865957615
0.865925769
0.865835615
0.865782462
0.865776615
0.865771923
0.865766385
0.865762615
0.865756154
0.865729692
0.865708462
0.865703077
0.865697846
0.865697154
0.865686462
0.865682923
0.865682154
0.865642692
0.865627692
0.865609615
0.865583077
0.865569538
0.865569231
0.865540769
0.865501385
0.865476308
0.865473077
0.865467231
0.865466538
0.865464
0.865454462
0.865437
0.865424077
0.865416462
0.865407846
0.865388077
0.865375923
0.865363154
0.865330308
0.865323846
0.865269615
0.865265385
0.865261769
0.865254462
0.865245231
0.865244385
0.865241077
0.865240308
0.865225385
0.865222923
0.865195769
0.865194692
0.865192077
0.865170385
0.865159615
0.865143692
0.865142308
0.865141923
0.865130077
0.865123077
0.865115538
0.865103769
0.865081615
0.865059538
0.865036923
0.865036231
0.864989154
0.864978231
0.864959846
0.864943923
0.864933462
0.864930231
0.864925846
0.864923154
0.864897077
0.864865615
0.864854538
0.864852231
0.864767077
0.864765
0.864749231
0.864747769
0.864727769
0.864711846
0.864679154
0.864673692
0.864664154
0.864648692
0.864648231
0.864598
0.864589692
0.864588077
0.864537385
0.864522
0.864512538
0.864503231
0.864487077
0.864464385
0.864454231
0.864438769
0.864389231
0.864388
0.864379385
0.864356308
0.864353846
0.864323769
0.864307692
0.864303308
0.864280538
0.864263154
0.864230154
0.86422
0.864215462
0.864202769
0.864169769
0.864168615
0.864129769
0.864091
0.864072615
0.864027
0.864023308
0.864015385
0.863992462
0.863991077
0.863987385
0.863972923
0.863967692
0.863928077
0.863918462
0.863910385
0.863876538
0.863875538
0.863862154
0.863833077
0.863832538
0.863802615
0.863782615
0.863781538
0.863773308
0.863760692
0.863749154
0.863734846
0.863667154
0.863664462
0.863659923
0.863631615
0.86363
0.863600154
0.863587385
0.863558769
0.863551077
0.863546846
0.863532231
0.863521
0.863503308
0.863482154
0.863463231
0.863441231
0.863433846
0.863425077
0.863413538
0.863394154
0.863385
0.863376615
0.863324385
0.863311077
0.863266462
0.863251077
0.863246308
0.863243615
0.863212462
0.863160154
0.863128385
0.863114231
0.863067154
0.863027462
0.862997615
0.862985462
0.862970692
0.862962462
0.862961923
0.862955615
0.862945692
0.862938077
0.862923846
0.862870154
0.862847385
0.862832077
0.862811231
0.862796231
0.862783615
0.862775308
0.862767692
0.862755077
0.862734538
0.862726538
0.862690385
0.862676308
0.862575
0.862561538
0.862547692
0.862545308
0.862541538
0.862495615
0.862482538
0.862439385
0.862408615
0.862382154
0.862355231
0.862323769
0.862293308
0.862285462
0.862251154
0.862237692
0.862235462
0.862234385
0.862210769
0.862209077
0.862174769
0.862102615
0.862088077
0.862080692
0.862056462
0.862055308
0.862033077
0.862018692
0.862
0.861971769
0.861968923
0.861965231
0.861962923
0.861947077
0.861834308
0.861822
0.861810692
0.861808462
0.861772
0.861762615
0.861757385
0.861741846
0.861694846
0.861691538
0.861668462
0.861621923
0.861621692
0.861615615
0.861591923
0.861583231
0.861568231
0.861549385
0.861537846
0.861535769
0.861503154
0.861482692
0.861467462
0.861461769
0.861459077
0.861455769
0.861421385
0.861403538
0.861401846
0.861394231
0.861388692
0.861374308
0.861357231
0.861355538
0.861337846
0.861335385
0.861280077
0.861279308
0.861269154
0.861267462
0.861250692
0.861218462
0.861216769
0.861214308
0.861185231
0.861184692
0.861144692
0.861139846
0.861127385
0.861117385
0.861079231
0.861076154
0.861062923
0.861061231
0.861048769
0.861046385
0.861039308
0.861030615
0.861021769
0.861017154
0.861013
0.860996308
0.860988538
0.860982231
0.860977231
0.860966538
0.860948462
0.860944692
0.860936077
0.860925385
0.860918308
0.860893385
0.860834692
0.860804769
0.860799231
0.860796615
0.860785692
0.860770231
0.860769846
0.860744077
0.860738308
0.860670769
0.860662
0.860646538
0.860646385
0.860640154
0.86061
0.860607231
0.860562077
0.860548231
0.860543
0.860525615
0.860522615
0.860520308
0.860487769
0.860487692
0.860474923
0.860469615
0.860461077
0.860434462
0.860431462
0.860428538
0.860427692
0.860427538
0.860421
0.860412462
0.860410615
0.860407923
0.860403846
0.860402692
0.860375923
0.860370769
0.860365615
0.860356462
0.860355692
0.860345308
0.860345077
0.860340308
0.860334692
0.860308077
0.860298846
0.860269
0.860258077
0.860252308
0.860244462
0.860228
0.860226308
0.860176308
0.860137
0.860136
0.860132923
0.860106615
0.860102154
0.860098308
0.860086154
0.860083538
0.860067154
0.860045077
0.860024846
0.860023846
0.860023308
0.860012615
0.859970615
0.859947231
0.859940154
0.859932923
0.859930308
0.859910769
0.859878769
0.859853231
0.859851
0.859845846
0.859843077
0.859841846
0.859838077
0.859813615
0.859808923
0.859795923
0.859783462
0.859782231
0.859757231
0.859716462
0.859709231
0.859622615
0.859604154
0.859604
0.859584
0.859570231
0.859561692
0.859560385
0.859533615
0.859513538
0.859513
0.859490077
0.859470077
0.859466231
0.859464231
0.859462923
0.859462769
0.859448154
0.859435769
0.859412154
0.859406462
0.859404615
0.859346231
0.859343
0.859329615
0.859316154
0.859315846
0.859315769
0.859312077
0.859309769
0.859301769
0.859287769
0.859286692
0.859277
0.859266923
0.859253385
0.859243692
0.859201077
0.859200154
0.859187308
0.859178462
0.859169615
0.859164846
0.859160846
0.859134231
0.859132385
0.859128154
0.859126154
0.859121231
0.859117692
0.859116769
0.859077692
0.859036692
0.859018231
0.859014462
0.859003692
0.858986385
0.858982615
0.85896
0.858952923
0.858927077
0.858926308
0.858920923
0.858875846
0.858874692
0.858870231
0.858867923
0.858856769
0.858845154
0.858831692
0.858811154
0.858805462
0.858745385
0.858743923
0.858743077
0.858725231
0.858718077
0.858691231
0.858686154
0.858683077
0.858661769
0.858659077
0.858653846
0.858652692
0.858638
0.858618308
0.858611846
0.858611308
0.858607769
0.858604385
0.858592615
0.858583923
0.858567692
0.85854
0.858515846
0.858487231
0.858454923
0.858449385
0.858437692
0.858397385
0.858389846
0.858354077
0.858334231
0.858312538
0.858285769
0.858260231
0.858242615
0.858226462
0.858194846
0.858185385
0.858182308
0.858177
0.858169923
0.858166
0.858153769
0.858145
0.858140154
0.858139846
0.858111308
0.858094231
0.858090231
0.858072231
0.858069077
0.858064462
0.858063846
0.858061308
0.858051692
0.858025846
0.858002
0.858001231
0.857980462
0.857978462
0.857930615
0.857896462
0.857883538
0.857876
0.857853615
0.857819154
0.857818923
0.857809846
0.857804923
0.857796692
0.857778538
0.857775692
0.857766846
0.857758077
0.857749077
0.857736154
0.857718615
0.857707538
0.857701385
0.857691538
0.857677923
0.85767
0.857656615
0.857648
0.857644538
0.857615692
0.857610231
0.857594308
0.857568308
0.857554615
0.857552923
0.857526923
0.857520385
0.857506538
0.857496
0.857469462
0.857450615
0.857445769
0.857411538
0.857408462
0.857387538
0.857381846
0.857361923
0.857361615
0.857347538
0.857333769
0.857310846
0.8573
0.857283538
0.857278923
0.857267308
0.857236923
0.857214231
0.85721
0.857198846
0.857183923
0.857176923
0.857165077
0.857160154
0.857141692
0.857133769
0.857125769
0.857111154
0.857105231
0.857087154
0.857086462
0.857078
0.857056692
0.857048154
0.857042308
0.857040538
0.857020462
0.857011846
0.857010154
0.857004077
0.856989077
0.856967538
0.856962462
0.856897923
0.856891077
0.856888462
0.856808308
0.856787769
0.856750846
0.856745385
0.856728846
0.856716692
0.856708846
0.856698308
0.856691769
0.856667231
0.856619923
0.856571923
0.856562154
0.856547462
0.856542308
0.856541385
0.856540692
0.856533692
0.856519538
0.856502308
0.856499846
0.856498077
0.856465615
0.856456846
0.856450923
0.856445846
0.856444769
0.856443769
0.856433077
0.85642
0.856394615
0.856342308
0.856337846
0.856333077
0.856317385
0.856273692
0.856257
0.856256923
0.856256385
0.856246692
0.856233
0.856231385
0.856228538
0.856220538
0.856212769
0.856197308
0.856194615
0.856142077
0.856119846
0.856097692
0.856079231
0.856036615
0.856031308
0.856018231
0.855998154
0.855993615
0.855979077
0.855947385
0.855945538
0.855903923
0.855896308
0.855861923
0.855827231
0.855826077
0.855775692
0.855756077
0.855743846
0.855740615
0.855716769
0.855715077
0.855713615
0.855712692
0.855708692
0.855687692
0.855663385
0.855646538
0.855643923
0.855617154
0.855606769
0.855556615
0.855541154
0.855524846
0.855513692
0.855493538
0.855481692
0.855466231
0.855455692
0.855450462
0.855426692
0.855396923
0.855388538
0.855385231
0.855346846
0.855338308
0.855333923
0.855304769
0.855277385
0.855234
0.855227462
0.855211769
0.855210923
0.855201923
0.855169692
0.855147769
0.855138769
0.855134615
0.855127231
0.855122462
0.855114538
0.855109615
0.855108462
0.85509
0.855085692
0.855082538
0.855067231
0.855053385
0.855048308
0.855046538
0.855038077
0.855014077
0.854998538
0.854998154
0.854987154
0.854932769
0.854903846
0.854897769
0.854888462
0.854876923
0.854861538
0.854860538
0.854854308
0.854853538
0.854847154
0.854845615
0.854832692
0.854827923
0.854824385
0.854818077
0.854812385
0.854775
0.854756615
0.854738308
0.854729385
0.854718615
0.854711538
0.854700769
0.854626615
0.854617077
0.854596385
0.854585
0.854574692
0.854565385
0.854538231
0.854534615
0.854516
0.854513308
0.854478154
0.854477615
0.854471923
0.854459154
0.854458615
0.854392154
0.854373462
0.854365385
0.854360769
0.854342
0.854337308
0.854322385
0.854312077
0.854307769
0.854302
0.854292462
0.854288692
0.854275308
0.854242308
0.854216385
0.854203462
0.854182692
0.854175462
0.854158923
0.854146385
0.854145692
0.854144077
0.85414
0.854132846
0.854119769
0.854090846
0.854063692
0.854062923
0.854060769
0.854030538
0.854003231
0.853998077
0.853983923
0.853967
0.853954923
0.853922462
0.853875154
0.853851231
0.853847538
0.853809923
0.853802231
0.853798846
0.853794846
0.853793462
0.853758308
0.853750538
0.853749846
0.853745231
0.853728077
0.853697462
0.853680077
0.853673462
0.853673154
0.853662692
0.853656923
0.853606
0.853579769
0.853564
0.853560462
0.853557231
0.853521
0.853510462
0.853486692
0.853479538
0.853431692
0.853419692
0.853417
0.853416923
0.853397308
0.853389385
0.853379769
0.853333769
0.853329231
0.853319462
0.853315077
0.853298385
0.853288923
0.853274538
0.853262846
0.853247385
0.85323
0.853211385
0.853194154
0.853180538
0.853161077
0.853160923
0.853154077
0.853122
0.853108615
0.853097077
0.853089923
0.853055692
0.853031077
0.852987769
0.852963077
0.852939077
0.852923538
0.852919385
0.852906154
0.852884077
0.852881846
0.852878
0.852875538
0.852872923
0.852861769
0.85286
0.852853769
0.852828231
0.852822462
0.852821231
0.852813077
0.852786
0.852777615
0.852775231
0.852763846
0.852757154
0.852755308
0.852739846
0.852706462
0.852704154
0.852698615
0.852692308
0.852686385
0.852675
0.852672385
0.852665077
0.852663154
0.852655385
0.852653154
0.852632538
0.852630846
0.852614538
0.852597231
0.852594385
0.852588077
0.852586385
0.852573538
0.852567538
0.852565308
0.852545615
0.852540615
0.852519615
0.852505077
0.852492308
0.852440231
0.852384231
0.852383846
0.852372308
0.852366385
0.852358308
0.852356692
0.852342077
0.852326769
0.852277538
0.852262154
0.852243846
0.852235615
0.852182385
0.852170538
0.852158769
0.852156308
0.852155538
0.852132154
0.852127923
0.852127154
0.852120692
0.852114231
0.852102692
0.852096077
0.852074462
0.852054615
0.852047077
0.852029077
0.852028231
0.852020692
0.851998
0.851990538
0.851990077
0.851989615
0.851978308
0.851975385
0.851970077
0.851908154
0.851899077
0.851870308
0.85187
0.851869615
0.851867692
0.851863154
0.851852
0.851848692
0.851813923
0.851776769
0.851762846
0.851743077
0.851741
0.851739538
0.851732846
0.851696
0.851691846
0.851684154
0.851678077
0.851673615
0.851647462
0.851615462
0.851601615
0.851597615
0.851593769
0.851559231
0.851548923
0.851528385
0.851505385
0.851490769
0.851488923
0.851481231
0.851473846
0.851471154
0.851453
0.851437385
0.851434923
0.851431846
0.851425846
0.851419462
0.851390615
0.851380077
0.851368846
0.851363846
0.851356077
0.851343154
0.851342231
0.851320385
0.851298077
0.851285
0.851282923
0.851273692
0.851269308
0.851268615
0.851249692
0.851216846
0.851208154
0.851177308
0.851168385
0.851155077
0.851152385
0.851125846
0.851119231
0.851100923
0.851100615
0.851084462
0.851072923
0.851063538
0.851060692
0.851050462
0.851017615
0.850981692
0.850970615
0.850965385
0.850960231
0.850951846
0.850948538
0.850946231
0.850941154
0.850934538
0.850932769
0.850912
0.850911769
0.850906077
0.850894923
0.850876692
0.85086
0.850844923
0.850838769
0.850786769
0.850769231
0.850754615
0.850739
0.850695385
0.850684538
0.850670231
0.850668615
0.850664462
0.850638923
0.850635385
0.850629769
0.850620769
0.850620154
0.850597615
0.850574615
0.850557923
0.850540385
0.850508846
0.850493615
0.850483846
0.850478385
0.850467385
0.850463308
0.850451462
0.850418385
0.850370385
0.850367923
0.850341231
0.850340231
0.850337846
0.850332692
0.850328538
0.850324
0.850322154
0.850320615
0.850304538
0.850289385
0.850285077
0.850272308
0.850254692
0.850240462
0.850217154
0.850204308
0.850184
0.850176462
0.850170923
0.850168769
0.850143769
0.850138077
0.850087846
0.850083308
0.850080231
0.850076231
0.850072769
0.850072462
0.850069615
0.850020077
0.850017538
0.850009231
0.849975538
0.849948462
0.849947231
0.849913615
0.849891692
0.849890769
0.849881692
0.849877692
0.849854154
0.849850923
0.849844
0.849812692
0.849760385
0.849754692
0.849741154
0.849729077
0.849708385
0.849697923
0.849695692
0.849658231
0.849642
0.849628692
0.849624231
0.849622154
0.849616538
0.849612923
0.849600846
0.849585
0.849554
0.849550154
0.849527846
0.849522
0.849519385
0.849516231
0.849501923
0.849497077
0.849495923
0.849468615
0.849452308
0.849402385
0.849383692
0.849375077
0.849359385
0.849318308
0.849296462
0.849292154
0.849285769
0.849282385
0.849276692
0.849261769
0.849184
0.849178769
0.849170385
0.849164154
0.849114846
0.849079231
0.849070769
0.849047077
0.849045692
0.849045
0.849041231
0.849037846
0.848987538
0.848985692
0.848979
0.848978692
0.848973154
0.848970077
0.848953615
0.848927385
0.848920692
0.848909615
0.848905923
0.848904385
0.848902385
0.848897615
0.848881154
0.848864154
0.848861462
0.848838308
0.848826462
0.848825538
0.848819538
0.848806846
0.848784692
0.848775769
0.848766846
0.848755615
0.848752615
0.848746308
0.848739538
0.848698769
0.848698769
0.848691308
0.848683692
0.848637846
0.848624923
0.848610462
0.848600846
0.848597077
0.848567308
0.848552308
0.848541538
0.848540615
0.848516154
0.848505615
0.848475846
0.848473154
0.848444231
0.848436
0.848430769
0.848429923
0.848427308
0.848424077
0.848420308
0.848411077
0.848380308
0.848378462
0.848345077
0.848322385
0.848308154
0.848305923
0.848291769
0.848289385
0.848265154
0.848256846
0.848211154
0.848190692
0.848180385
0.848167692
0.848162538
0.848155462
0.848153846
0.848125231
0.848119615
0.848089077
0.848066769
0.848037385
0.848032692
0.848015923
0.848002
0.847994462
0.847990308
0.847983462
0.847951462
0.847928923
0.847928615
0.847928
0.847911923
0.847894077
0.847891077
0.847884308
0.847879462
0.847874077
0.847872154
0.847862231
0.847839308
0.847838692
0.847835615
0.847834154
0.847829308
0.847825692
0.847814538
0.847807692
0.847801
0.847784462
0.847781615
0.847773385
0.847761538
0.847760077
0.847756154
0.847736231
0.847727308
0.847725154
0.847719
0.847705769
0.847704538
0.847678769
0.847671538
0.847667923
0.847651385
0.847647538
0.847629769
0.847624231
0.847624
0.847611615
0.847603538
0.847590538
0.847578692
0.847556846
0.847532462
0.847475154
0.847472154
0.847382462
0.847381462
0.847364385
0.847340769
0.847337769
0.847333077
0.847309385
0.847234077
0.847221923
0.847215
0.847186692
0.847183308
0.847144692
0.847130615
0.847120308
0.847094308
0.847030308
0.847013692
0.846997615
0.846981615
0.846968615
0.846937769
0.846882692
0.846879923
0.846860692
0.846854385
0.846841769
0.846828846
0.846823538
0.846821231
0.846818615
0.846816462
0.846810462
0.846804923
0.846752308
0.846740462
0.846732
0.846718077
0.846717231
0.846691308
0.846685615
0.846669
0.846660846
0.846645077
0.846642615
0.846635923
0.846625692
0.846616462
0.846613462
0.846600385
0.846588
0.846566
0.846560385
0.846555846
0.846552385
0.846533385
0.846530538
0.846512154
0.846507385
0.846487385
0.846448231
0.846433538
0.846431
0.846430077
0.846416846
0.846400923
0.846392846
0.846382923
0.846382
0.846374462
0.846360462
0.846354615
0.846338692
0.846308769
0.846298231
0.846295923
0.846284154
0.846269615
0.846266462
0.846254154
0.846252923
0.846246462
0.846242308
0.846231077
0.846221154
0.846217538
0.846210231
0.846207385
0.846199615
0.846184
0.846177231
0.846147231
0.846146154
0.846131538
0.846126231
0.846123692
0.846122692
0.846112154
0.846099154
0.846095
0.846090846
0.846089231
0.846061692
0.846060077
0.846026615
0.846013308
0.846010154
0.846002385
0.845979462
0.845978846
0.845975538
0.845965385
0.845963769
0.845952385
0.845951
0.845949
0.845933769
0.845931231
0.845929385
0.84587
0.845851231
0.845842308
0.845841231
0.845828615
0.845823231
0.845813846
0.845812538
0.845788462
0.845786077
0.845782769
0.84578
0.845766
0.845755385
0.845745923
0.845744692
0.845718538
0.845701769
0.845652385
0.845649308
0.845644846
0.845640769
0.845634308
0.845626308
0.845623462
0.845619231
0.845616231
0.845595692
0.845589385
0.845588
0.845565
0.845559
0.845544462
0.845541308
0.845508923
0.845487923
0.845477923
0.845471
0.845454462
0.845453385
0.845450077
0.845444846
0.845435769
0.845432769
0.845427154
0.845412077
0.845365692
0.845361231
0.845356692
0.845335385
0.845327846
0.845327
0.845323077
0.845319462
0.845317077
0.845310385
0.845305
0.845301769
0.845290154
0.845284308
0.845284154
0.845277462
0.845250615
0.845237231
0.845221615
0.845205385
0.845204923
0.845199846
0.845199769
0.845196154
0.845158308
0.845153846
0.845146385
0.845120154
0.845109846
0.845101077
0.845092077
0.845081923
0.845066923
0.845057077
0.845056231
0.845054
0.845041462
0.844977
0.844960615
0.844931308
0.844854308
0.844831538
0.844806462
0.844802154
0.844791231
0.844779231
0.844772077
0.844763538
0.844753462
0.844753077
0.844733538
0.844731615
0.844729
0.844727769
0.844676154
0.844648769
0.844648538
0.844626308
0.844623231
0.844621308
0.844608462
0.844606923
0.844604154
0.844596923
0.844586385
0.844575385
0.844555385
0.844526308
0.844512923
0.844482769
0.844469154
0.844465231
0.844415538
0.844397077
0.844373231
0.844360923
0.844347923
0.844346615
0.844315385
0.844310692
0.844294846
0.844282923
0.844281692
0.844253231
0.844237462
0.844234692
0.844231769
0.844231769
0.844219615
0.844215615
0.844184538
0.844175
0.844159615
0.844156923
0.844121
0.844107385
0.844096385
0.844091846
0.844073077
0.844057308
0.844053308
0.844013846
0.844002231
0.843989
0.843967
0.843948692
0.843943846
0.843942615
0.843940846
0.843940769
0.843922846
0.843892077
0.843873231
0.843842769
0.843767
0.843759692
0.843743077
0.843733538
0.843721538
0.843715
0.843705154
0.843699154
0.843694154
0.843663769
0.843663385
0.843654538
0.843654308
0.843649923
0.843643769
0.843622308
0.843598846
0.843588923
0.843584385
0.843583923
0.843567231
0.843542692
0.843535231
0.843534231
0.843523923
0.843523
0.843498538
0.843470308
0.843468154
0.843428462
0.843418846
0.843411077
0.843410385
0.843398923
0.843398077
0.843394923
0.843394385
0.843390846
0.843383154
0.843368231
0.843357
0.843349846
0.843324077
0.843306308
0.843288692
0.843271846
0.843249231
0.843249077
0.843236846
0.843227692
0.843226923
0.843208077
0.843190846
0.843173462
0.843173154
0.843135923
0.843105154
0.843093385
0.843082308
0.843074308
0.843072923
0.843072615
0.843061923
0.843040923
0.843029231
0.842997
0.842993231
0.842992308
0.842982769
0.842974538
0.842974154
0.842969769
0.842958385
0.842951231
0.842944615
0.842905077
0.842903385
0.842886154
0.842873385
0.842857462
0.842852308
0.842846077
0.842800769
0.842774615
0.842768385
0.842757692
0.842747769
0.842730154
0.842725769
0.842700308
0.842699923
0.842684538
0.842672462
0.842670231
0.842642538
0.842637
0.842634538
0.842632308
0.842631846
0.842604385
0.842585846
0.842576462
0.842573154
0.842566769
0.842542538
0.842525154
0.842483923
0.842472231
0.842455615
0.842447923
0.842435231
0.842433231
0.842414
0.842409385
0.842396692
0.842393077
0.842389769
0.842379846
0.842379462
0.842333
0.842309846
0.842250846
0.842246615
0.842221
0.842190692
0.842146538
0.842137
0.842136154
0.842126923
0.842106692
0.842097846
0.842084769
0.842064154
0.842059
0.842044846
0.842032615
0.842009154
0.841972846
0.841969615
0.841969154
0.841943692
0.841925077
0.841922462
0.841920615
0.841902
0.841883615
0.841880923
0.841873462
0.841869308
0.841843538
0.841823154
0.841814462
0.841811538
0.841765692
0.841727923
0.841723077
0.841709077
0.841697692
0.841688846
0.841666462
0.841661077
0.841632
0.841629692
0.841602077
0.841600231
0.841599923
0.841549
0.841525077
0.841519923
0.841509308
0.841475154
0.841416692
0.841409231
0.841402538
0.841400462
0.841396462
0.841394769
0.841365154
0.841316154
0.841310154
0.841306
0.841303769
0.841282846
0.841266385
0.841261769
0.841260538
0.841259846
0.841251308
0.841243385
0.841228692
0.841214615
0.841213308
0.841206769
0.841184385
0.841160923
0.841158846
0.841157615
0.841150308
0.841139077
0.841133385
0.841128769
0.841123385
0.841117308
0.841115923
0.841111769
0.8411
0.8411
0.841056538
0.841032923
0.841016231
0.841015231
0.841007692
0.840995923
0.840976385
0.840971385
0.840970846
0.840966615
0.840962462
0.840930769
0.840926615
0.840925692
0.840918385
0.840916154
0.840906154
0.840843615
0.840842077
0.840838231
0.840823846
0.840822385
0.840808923
0.840781538
0.840771769
0.840750385
0.840748846
0.840747923
0.840723538
0.840708
0.840697385
0.840688385
0.840673231
0.840672538
0.840663154
0.840654846
0.840614231
0.840604462
0.840596538
0.840579
0.840557077
0.840534
0.840519462
0.840512
0.840491
0.840486538
0.840479769
0.840458385
0.840452308
0.840433538
0.840428538
0.840428154
0.840397692
0.840391385
0.840388385
0.840386154
0.840382154
0.840375077
0.840370077
0.840368154
0.840335923
0.840326308
0.840307308
0.840278923
0.840276692
0.840217077
0.840189077
0.840186154
0.840178385
0.840178308
0.840174231
0.840161538
0.840152615
0.840145462
0.840121846
0.840117846
0.840108
0.840105077
0.840065231
0.840048769
0.840043385
0.840022077
0.840001077
0.839983923
0.839978154
0.839965615
0.839964308
0.839961846
0.839951538
0.839951385
0.839945846
0.839943462
0.839938846
0.839938846
0.839935385
0.839920923
0.839916385
0.839913615
0.839883923
0.839873769
0.839868077
0.839850769
0.839848077
0.839846769
0.839824308
0.839780692
0.839771385
0.839754308
0.839739462
0.839728692
0.839696154
0.839674077
0.839639385
0.839628615
0.839616769
0.839588846
0.839586
0.839544538
0.839539769
0.839527
0.839526462
0.839525923
0.839520385
0.839519692
0.839508846
0.839497769
0.839494615
0.839450615
0.839446846
0.839427308
0.839416615
0.839413923
0.839403769
0.839401231
0.839396769
0.839373538
0.839337077
0.839336308
0.839301923
0.839300692
0.839293615
0.839287769
0.839284923
0.839261615
0.839254692
0.839253769
0.839251615
0.839240077
0.839239846
0.839230846
0.839224077
0.839215077
0.839183077
0.839149385
0.839115923
0.839095692
0.839090385
0.839085846
0.839080077
0.839071923
0.839068308
0.839066692
0.839009462
0.838980308
0.838976462
0.838956462
0.838941538
0.838939154
0.838932538
0.838915231
0.838910308
0.838893538
0.838874154
0.838850077
0.838844231
0.838828923
0.838827923
0.838766538
0.838754385
0.838736769
0.838710308
0.838701923
0.8387
0.838673
0.838656154
0.838614
0.838605769
0.838602769
0.838602154
0.838596692
0.838593
0.838586538
0.838582308
0.838580154
0.838574385
0.838570615
0.838522923
0.838496077
0.838494923
0.838477615
0.838446231
0.838424231
0.83841
0.838408538
0.838405692
0.838401769
0.838394923
0.838354154
0.838334308
0.838308
0.838306308
0.838303538
0.838286923
0.838282385
0.838280538
0.838280154
0.838279385
0.838261769
0.83826
0.838241692
0.838237615
0.838222846
0.838220462
0.838215154
0.838203615
0.838186538
0.838156923
0.838127231
0.838123385
0.838108538
0.838095692
0.838062
0.838057846
0.838057538
0.838048308
0.838047
0.838042846
0.838039923
0.838013615
0.837985923
0.837972462
0.837965077
0.837963154
0.837961692
0.837948231
0.837931385
0.837929692
0.837906538
0.837885538
0.837885154
0.837881538
0.837864231
0.837856538
0.837789385
0.837787077
0.837776846
0.837759154
0.837755
0.837746308
0.837740923
0.837737077
0.837681385
0.837647462
0.837643308
0.837635692
0.837563154
0.837555692
0.837538769
0.837514846
0.837504615
0.837504308
0.837500538
0.837497154
0.837489385
0.837481077
0.837475692
0.837471692
0.837466
0.837461769
0.837438077
0.837433615
0.837428462
0.837416462
0.837412769
0.837412538
0.837411154
0.837404462
0.837404154
0.837398231
0.837397231
0.837396538
0.837373462
0.837347308
0.837322538
0.837312923
0.837305077
0.837297923
0.837281538
0.837268923
0.837242231
0.837236
0.837212231
0.837211769
0.837190462
0.837183385
0.837176385
0.837172462
0.837169538
0.837167385
0.837159538
0.837141615
0.837104538
0.837087077
0.837077692
0.837064923
0.837056923
0.837046
0.837044077
0.837009077
0.836993154
0.836985846
0.836966769
0.836945692
0.836935308
0.836931154
0.836929154
0.836911769
0.836898385
0.836870308
0.836847077
0.836840769
0.836827077
0.836819385
0.836806231
0.836797846
0.836784538
0.836761538
0.836759923
0.836758154
0.836754923
0.836747154
0.836743231
0.836733308
0.836732308
0.836730615
0.836726
0.836721538
0.836688538
0.836686154
0.836671077
0.836658769
0.836616846
0.836604923
0.836600077
0.836598308
0.836583231
0.836556538
0.836554462
0.836550077
0.836543615
0.836541538
0.836527
0.836466538
0.836439846
0.836423231
0.836420308
0.836418077
0.836416769
0.836393769
0.836384462
0.836379077
0.836367615
0.836358308
0.836345769
0.836299308
0.836294692
0.836291231
0.836284769
0.836277154
0.836274462
0.836259231
0.836256154
0.836219846
0.836212077
0.836208077
0.836193769
0.836191538
0.836186769
0.836167538
0.836144231
0.836127615
0.836117077
0.836115923
0.836106
0.836098615
0.836096154
0.836093308
0.836089462
0.836087692
0.836084
0.836083077
0.836073
0.836072077
0.836062154
0.836046462
0.836043846
0.836021692
0.835992846
0.835946615
0.835944769
0.835913769
0.835902154
0.835897077
0.835891308
0.835885385
0.835876923
0.835875077
0.835868385
0.835867
0.835862077
0.835840308
0.835832846
0.835809231
0.835801692
0.835800385
0.835786308
0.835758385
0.835756538
0.835751538
0.835749615
0.835742692
0.835721385
0.835719385
0.835718846
0.835715231
0.835706846
0.835700846
0.835687923
0.835657462
0.835606231
0.835581
0.835576077
0.835565769
0.835563462
0.835551385
0.835538308
0.835532923
0.835511154
0.835456308
0.835447
0.835445462
0.835440923
0.835424846
0.835419231
0.835413385
0.835411385
0.835411
0.835386692
0.835378846
0.835359385
0.835354538
0.835347462
0.835341769
0.835337692
0.835333231
0.835329
0.835320769
0.835235923
0.835227154
0.835224385
0.835213462
0.835207077
0.835201923
0.835192462
0.835189846
0.835188615
0.835183769
0.835179846
0.835163077
0.835154846
0.835147615
0.835142308
0.835134154
0.835124769
0.835113923
0.835090385
0.835081
0.835073
0.835062615
0.835041923
0.835035
0.835013692
0.835004846
0.835003923
0.834993077
0.834991923
0.834983769
0.834963538
0.834925923
0.834923231
0.834911615
0.834903923
0.834896692
0.834884846
0.834872846
0.834863154
0.834833692
0.834820538
0.834811154
0.834801385
0.834795077
0.834786769
0.834771923
0.834769231
0.834766615
0.834739923
0.834727462
0.834684923
0.834680615
0.834676615
0.834673538
0.834657154
0.834648538
0.834643462
0.834642846
0.834641385
0.834639154
0.834637615
0.834634769
0.834623462
0.834622538
0.834609692
0.834605154
0.834590923
0.834587
0.834570385
0.834540846
0.834535
0.834531846
0.834443692
0.834428538
0.834416077
0.834394154
0.834380462
0.834361923
0.834340231
0.834320769
0.834316154
0.834312692
0.834307308
0.834306538
0.834301769
0.834298231
0.834298154
0.834281923
0.834272846
0.834268692
0.834239923
0.834232846
0.834229923
0.834221308
0.834215385
0.834205538
0.834201846
0.834195077
0.834142923
0.834140231
0.834123
0.834114308
0.834104923
0.834094769
0.834087385
0.834078846
0.834074462
0.834068462
0.834058615
0.834039615
0.834039077
0.834034462
0.834033615
0.834023154
0.834023077
0.834021
0.834004692
0.833990538
0.833973846
0.833942
0.833935923
0.833931231
0.83393
0.833917615
0.833910231
0.833907308
0.833891077
0.833886154
0.833873769
0.833826154
0.833819615
0.833801538
0.8338
0.833763308
0.833761846
0.833757077
0.833754846
0.833752231
0.833751846
0.833738846
0.833728923
0.833726154
0.833717846
0.833717308
0.833709769
0.833687538
0.833687538
0.833687538
0.833654231
0.833638154
0.833630231
0.833629923
0.833617231
0.833591077
0.833590615
0.833587077
0.833579231
0.833567769
0.833567462
0.833554077
0.833546462
0.833530231
0.833528231
0.833519308
0.833500615
0.833481846
0.83347
0.833466308
0.833456769
0.833454231
0.833447154
0.833445231
0.833433692
0.833428385
0.833413615
0.833396462
0.833383769
0.833374846
0.833360308
0.833322462
0.833294846
0.833289462
0.833289077
0.833278308
0.833268
0.833266769
0.833256231
0.833248231
0.833231462
0.833197769
0.833189385
0.833182923
0.833171308
0.833153385
0.833147769
0.833142923
0.833136923
0.833121077
0.833111462
0.833106385
0.833100615
0.833071231
0.833067923
0.833056538
0.833050538
0.833049077
0.833018
0.833017923
0.833009692
0.833008692
0.832998538
0.832997
0.832996615
0.832983846
0.832971077
0.832962923
0.832946
0.832927231
0.832921462
0.832893231
0.832877
0.832870308
0.832861231
0.832859923
0.832858231
0.832857385
0.832831692
0.832822154
0.832820385
0.832794385
0.832789385
0.832778462
0.832772462
0.832766692
0.832763692
0.832759538
0.832758615
0.832754
0.832741077
0.83274
0.832711923
0.832694308
0.832682
0.832646615
0.832641462
0.832623692
0.832607308
0.832606769
0.832604615
0.832598308
0.832593462
0.832585769
0.832570462
0.832564538
0.832555923
0.832543538
0.832539231
0.832538846
0.832519231
0.832497615
0.832489538
0.832489462
0.832489231
0.832488
0.832479462
0.832476769
0.832474615
0.832469231
0.832453231
0.832446154
0.832445077
0.832436846
0.832434923
0.832433462
0.832432231
0.832406615
0.832382769
0.832379385
0.832377692
0.832375
0.832361231
0.832360308
0.832354923
0.832322077
0.832311615
0.832304462
0.832303
0.832301846
0.832298385
0.832281923
0.832277231
0.832266
0.832259692
0.832257308
0.832254923
0.832227462
0.832213846
0.832197846
0.832192462
0.832169154
0.832164615
0.832147154
0.832130231
0.832121308
0.832085308
0.832063538
0.832057385
0.832045692
0.832036077
0.832031692
0.831974769
0.831974615
0.831959154
0.831945154
0.831919615
0.831908
0.831904538
0.831901
0.831881231
0.831872923
0.831868615
0.831847
0.831845231
0.831835615
0.831831769
0.831829462
0.831829154
0.831827538
0.831819692
0.831801923
0.831801308
0.831799154
0.831786385
0.831784538
0.831776231
0.831766308
0.831761846
0.831757692
0.831749462
0.831731385
0.831730308
0.831724154
0.831723615
0.831713462
0.831707692
0.831677692
0.831670231
0.831660462
0.831656615
0.831656538
0.831637385
0.831633154
0.831618308
0.831608692
0.831605462
0.831601769
0.831595462
0.831588308
0.831560615
0.831559462
0.831547077
0.831525692
0.831522385
0.831492154
0.831490385
0.831469846
0.831453462
0.831451692
0.831451077
0.831449692
0.831437692
0.831424846
0.831420692
0.831419692
0.831414923
0.831410308
0.831409769
0.831406385
0.831403308
0.831396308
0.831395846
0.831353077
0.831345692
0.831277308
0.831276615
0.831275846
0.831267
0.831264538
0.831258538
0.831250769
0.831235538
0.831233385
0.831222
0.831210769
0.831180538
0.831167308
0.831142
0.831131462
0.831128615
0.831111231
0.831107615
0.831102692
0.831090385
0.83107
0.831064077
0.831058231
0.831041077
0.831023692
0.830976923
0.830943462
0.830935692
0.830923231
0.830907538
0.830907538
0.830900231
0.830887462
0.830872538
0.830869846
0.830867769
0.830860846
0.830850385
0.830844308
0.830840846
0.830835846
0.830822
0.830801231
0.830795231
0.830793692
0.830790154
0.830788308
0.830785308
0.830779846
0.830779231
0.830771077
0.830771
0.830752846
0.830740769
0.830739462
0.830726385
0.830715923
0.830687462
0.830680154
0.830676308
0.830674385
0.830672154
0.830661615
0.830652692
0.830649692
0.830643385
0.830642923
0.830634462
0.830631615
0.830613923
0.830611
0.830595615
0.830581154
0.830551462
0.830549231
0.830542308
0.830530846
0.830525154
0.830517846
0.830471308
0.830461308
0.830459846
0.830450462
0.830447231
0.830438462
0.830438231
0.830404923
0.830404615
0.830391154
0.830386923
0.830383462
0.830369615
0.830368615
0.830358231
0.830344385
0.830343769
0.830339231
0.830329385
0.830328538
0.830325154
0.830323
0.830315154
0.830307769
0.830299615
0.830297231
0.830293154
0.830284
0.830282308
0.830278154
0.830276
0.830271692
0.830264
0.830246154
0.830243308
0.830240077
0.830199846
0.830199
0.830181462
0.830174385
0.830165538
0.830157154
0.830146846
0.830142846
0.830140846
0.830116385
0.830097
0.830080231
0.830065462
0.830064385
0.830061615
0.830060462
0.830052692
0.830034846
0.830028462
0.829975769
0.829972385
0.829972
0.829969231
0.829957154
0.829953308
0.829948385
0.829943077
0.829931692
0.829890615
0.829855231
0.829852077
0.829851385
0.829840923
0.829837385
0.829828538
0.829826692
0.829813923
0.829808231
0.829787231
0.829784846
0.82974
0.829715
0.829709692
0.829686
0.829683692
0.829680538
0.829643615
0.829633308
0.829611923
0.829587923
0.829585615
0.829550615
0.829544154
0.829528
0.829524231
0.829520538
0.829515846
0.829512231
0.829494385
0.829488462
0.829457154
0.829436769
0.829435769
0.829426692
0.829406538
0.829399231
0.829388385
0.829386615
0.829367538
0.829330154
0.829325615
0.829315923
0.82931
0.829300769
0.829290769
0.829269615
0.829267692
0.829256846
0.829256385
0.829255154
0.829249692
0.829246615
0.829240385
0.829237462
0.829197615
0.829178923
0.829165538
0.829129231
0.829121154
0.829121
0.829099769
0.829081
0.829080462
0.829058231
0.829048462
0.829028154
0.829005077
0.829001308
0.828998385
0.828984
0.828975154
0.828961154
0.828956923
0.828941769
0.82894
0.828928846
0.828926154
0.828910154
0.828906308
0.828900923
0.828897769
0.828886385
0.828862923
0.828847154
0.828829923
0.828802
0.828787923
0.828786
0.828778385
0.828752077
0.828743923
0.828735923
0.828724154
0.828717231
0.828714385
0.828713077
0.828702615
0.828699308
0.828691077
0.828677846
0.828676615
0.828675769
0.828673385
0.828658154
0.828651769
0.828640308
0.828636308
0.828636308
0.828631692
0.828625692
0.828619615
0.828597385
0.828573
0.828554615
0.828552769
0.828543077
0.828538385
0.828519538
0.828510077
0.828508692
0.828507923
0.828495385
0.828494846
0.828492538
0.828492077
0.828482769
0.828478308
0.828477154
0.828463077
0.828457615
0.828433846
0.828429462
0.828421231
0.828418615
0.828415923
0.828414769
0.828410538
0.828407154
0.828403846
0.828397846
0.828394615
0.828375
0.828370615
0.828335769
0.828326308
0.828309154
0.828288923
0.828286692
0.828279462
0.828254923
0.828251077
0.828222923
0.828218462
0.828210846
0.828195615
0.828189846
0.828162538
0.828160385
0.828147692
0.828136385
0.828115385
0.828102846
0.828079692
0.828066923
0.828057077
0.828053462
0.828002385
0.827993308
0.827982462
0.827970154
0.827960385
0.827955077
0.827951
0.827934769
0.827929308
0.827921692
0.827900154
0.827894154
0.827880154
0.827866692
0.827865154
0.827848846
0.827848462
0.827831538
0.827818615
0.827805538
0.827789462
0.827785846
0.827775462
0.827759231
0.827741615
0.827735846
0.827732385
0.827716923
0.827711538
0.827703538
0.827677
0.827676
0.827674692
0.827638846
0.827620769
0.827615692
0.827599154
0.827566385
0.827556538
0.827555077
0.827531385
0.827494923
0.827491615
0.827478538
0.827469538
0.827459077
0.827453615
0.827450077
0.827440308
0.827438462
0.827434769
0.827412231
0.827396077
0.827385385
0.827356692
0.827347077
0.827336692
0.827332077
0.827301385
0.827289
0.827276308
0.827268846
0.827252692
0.827235385
0.827219769
0.827200615
0.827177231
0.827162308
0.827147923
0.827106385
0.827092154
0.827084077
0.827081769
0.827080077
0.827043077
0.827040385
0.827037462
0.827033538
0.827022154
0.827001538
0.826973923
0.826966692
0.826961538
0.826936231
0.826934308
0.826932308
0.826927769
0.826925308
0.826923846
0.826919692
0.826904077
0.826898077
0.826896538
0.826885308
0.826863231
0.826848615
0.826832385
0.826803
0.826787615
0.826776462
0.826775077
0.826769077
0.826741
0.826738308
0.826729462
0.826726615
0.826723846
0.826703077
0.826700538
0.826689077
0.826681923
0.826677231
0.826675769
0.826666462
0.826657846
0.826638
0.826635846
0.826628308
0.826626385
0.826586692
0.826562077
0.826559308
0.82654
0.826535385
0.826527154
0.826522
0.826517308
0.826513154
0.826495769
0.826492
0.826481692
0.826463769
0.826421769
0.826409385
0.826402846
0.826392615
0.826391769
0.826387154
0.826377385
0.826356231
0.826353077
0.826349923
0.826328
0.826280154
0.826278769
0.826270231
0.826265692
0.826238
0.826195308
0.826189077
0.826173385
0.826154846
0.826145231
0.826143769
0.826142692
0.826135846
0.826117538
0.826116077
0.826082769
0.826078769
0.826077692
0.826026
0.826003923
0.826002615
0.825996846
0.825993462
0.825985462
0.825981462
0.825979462
0.825969154
0.825968615
0.825957923
0.825948769
0.825932231
0.825922231
0.825902769
0.825890692
0.825885615
0.825884769
0.825877692
0.825873846
0.825866
0.825862154
0.825836538
0.825831538
0.825825538
0.825825308
0.825811923
0.825803846
0.825803077
0.825789308
0.825778923
0.825770846
0.825756231
0.825754923
0.825753
0.825746462
0.825733846
0.825723154
0.825721846
0.825716154
0.825710846
0.825704
0.825686538
0.825683077
0.825679692
0.825669
0.825662
0.82566
0.825642923
0.825639154
0.825633077
0.825632923
0.825624538
0.825596462
0.825593231
0.825590154
0.825585308
0.825585154
0.825576538
0.825573462
0.825561769
0.825556923
0.825546231
0.825536462
0.825534769
0.825533923
0.825519231
0.825511231
0.825491769
0.825486308
0.825485154
0.825475462
0.825465923
0.825448462
0.825445846
0.825444769
0.825439308
0.825437769
0.825428769
0.825423308
0.825387769
0.825373385
0.825358
0.825343077
0.825313846
0.825296846
0.825294077
0.825279769
0.825272692
0.825266769
0.825266077
0.825249231
0.825208462
0.825201154
0.825196615
0.825162923
0.825159769
0.825153923
0.825128769
0.825128538
0.825125
0.825114154
0.825108769
0.825096923
0.825080769
0.825070308
0.825053692
0.825051538
0.825037308
0.825031615
0.825013846
0.824945538
0.824943385
0.824940538
0.824926846
0.824924231
0.824924077
0.824918692
0.824915077
0.824908231
0.824888154
0.824860538
0.824854
0.824845923
0.824828692
0.824815462
0.824814692
0.824808154
0.824807462
0.824804231
0.824796154
0.824738077
0.824729308
0.824722308
0.824713615
0.824692231
0.824676846
0.824671615
0.824667308
0.824665692
0.824652692
0.824642
0.824639462
0.824635154
0.824615923
0.824615692
0.824593385
0.824588
0.824587231
0.824584308
0.824560846
0.82456
0.824557077
0.824554462
0.824548769
0.824533615
0.824528231
0.824507077
0.824505615
0.824504462
0.824502
0.824494462
0.824488462
0.824475077
0.824441923
0.824435846
0.824429923
0.824423538
0.824409615
0.824403385
0.824393308
0.824389615
0.824386077
0.824360692
0.824336538
0.824322692
0.824322538
0.824314077
0.824313615
0.824312
0.824299077
0.824291923
0.824291462
0.824285308
0.824283538
0.824283385
0.824274462
0.824266692
0.824257923
0.824256615
0.824226615
0.824224615
0.824219846
0.824183385
0.824148538
0.824146385
0.824142615
0.824139231
0.824119923
0.824116
0.824113692
0.824103231
0.824101308
0.824089385
0.824078846
0.824072154
0.824058615
0.824037538
0.824022538
0.824022308
0.824017923
0.824011769
0.823993154
0.823992923
0.823992692
0.823991846
0.823946462
0.823939
0.823911692
0.823882692
0.823882077
0.823881846
0.823860615
0.823849769
0.823847846
0.823846769
0.823826231
0.823793538
0.823788769
0.823788
0.823783615
0.823771923
0.823700538
0.823700231
0.823695385
0.823687154
0.823676
0.823671154
0.823669615
0.823666077
0.823605077
0.823600462
0.823597538
0.823580692
0.823571615
0.823569538
0.823568846
0.823564923
0.823527308
0.823524923
0.823521923
0.823513462
0.823512
0.823507769
0.823493769
0.823492538
0.823489462
0.823487923
0.823478538
0.823472615
0.823470385
0.823445077
0.823432154
0.823426538
0.823407692
0.823387462
0.823360308
0.823330385
0.823322692
0.823298692
0.823294
0.823271769
0.823248077
0.823243692
0.823232154
0.823207231
0.823200692
0.823198154
0.823187692
0.823168308
0.823163308
0.823128769
0.823100615
0.823082538
0.823078077
0.823070615
0.823060769
0.823045769
0.823011
0.822996231
0.822979385
0.822968308
0.822960615
0.822953923
0.822946692
0.822930538
0.822919769
0.822902538
0.822875308
0.822853154
0.822837154
0.822832923
0.822830462
0.822829
0.822827077
0.822786462
0.822775923
0.822764231
0.822755
0.822748692
0.822745769
0.822734923
0.822734385
0.822729154
0.822716385
0.822708846
0.822670077
0.822663846
0.822653308
0.822637615
0.822636615
0.822635154
0.822631231
0.822629769
0.822609538
0.822586923
0.822583154
0.822576615
0.822576077
0.822571538
0.822567308
0.822560615
0.822554385
0.822536385
0.822519769
0.822513923
0.822511308
0.822503538
0.822490308
0.822478385
0.822471
0.822467923
0.822463231
0.82243
0.822396615
0.822387846
0.822386769
0.822379615
0.822369769
0.822337154
0.822335923
0.822335308
0.822329769
0.822321615
0.822308308
0.822288077
0.822287308
0.822270154
0.822269462
0.822253231
0.822240769
0.822211308
0.822201154
0.822192462
0.822176769
0.822167615
0.822159769
0.822156538
0.822153154
0.822142
0.822120923
0.822105154
0.822101154
0.822099692
0.822099385
0.822085769
0.822053308
0.822028769
0.822026385
0.822018846
0.822018308
0.822000538
0.821999385
0.821992462
0.821989154
0.821981
0.821967769
0.821961154
0.821952308
0.821940231
0.821939615
0.821932
0.821922846
0.821915154
0.821901923
0.821890077
0.821883692
0.821867231
0.821863615
0.821845538
0.821829692
0.821820154
0.821817385
0.821772385
0.821767154
0.821754077
0.821753923
0.821709692
0.821703692
0.821693846
0.821691692
0.821673692
0.821671846
0.821663769
0.821627077
0.821626769
0.821624846
0.821607538
0.821601923
0.821585538
0.821567308
0.821543462
0.821535308
0.821535308
0.821519615
0.821514154
0.821491231
0.821459846
0.821458923
0.821426538
0.821410615
0.821409231
0.821386462
0.821363923
0.821361615
0.821358846
0.821358615
0.821341154
0.821333462
0.821331308
0.821311923
0.821311462
0.821291231
0.821289462
0.821262154
0.821204846
0.821197462
0.821194538
0.821192154
0.821185231
0.821165692
0.821163385
0.821110923
0.821101385
0.821095692
0.821090923
0.821065077
0.821064538
0.821055846
0.821052
0.821045308
0.821041385
0.821036462
0.821033615
0.821027308
0.821008846
0.820988154
0.820984769
0.820983538
0.820973231
0.820940923
0.820939462
0.820926923
0.820924538
0.820924231
0.820923692
0.820912923
0.820903308
0.820876692
0.820856154
0.820845923
0.820839692
0.82082
0.820785231
0.820778
0.820774308
0.820772077
0.820769769
0.820765692
0.820762538
0.820761462
0.820759462
0.820748923
0.820741615
0.820726231
0.820703538
0.820685154
0.820684
0.820657692
0.820632615
0.820607231
0.820602538
0.820596923
0.820578538
0.820574231
0.820572308
0.820569462
0.820556538
0.820548231
0.820539154
0.820518077
0.820514308
0.820507846
0.820502769
0.820491308
0.820482692
0.820475154
0.820451615
0.820440538
0.820418231
0.820410538
0.820406846
0.820402615
0.820402615
0.820401462
0.820399538
0.820384308
0.820374308
0.820369385
0.82036
0.820349
0.820338846
0.820318385
0.820297
0.820273615
0.820263077
0.820247769
0.820229308
0.820221846
0.820218538
0.820193923
0.820192615
0.820184462
0.820181
0.820174615
0.820166
0.820165385
0.820163769
0.820152846
0.820151231
0.820134538
0.820122462
0.820102615
0.820079231
0.820034
0.820032692
0.820031923
0.820028615
0.820028462
0.820027385
0.820019154
0.820011231
0.819996077
0.819989923
0.819975385
0.819971
0.819965154
0.819959462
0.819947462
0.819940923
0.819940308
0.819919385
0.819906077
0.819900231
0.819889462
0.819886154
0.819873846
0.819846538
0.819839615
0.819819231
0.819788308
0.819784231
0.819782538
0.819777462
0.819776769
0.819776154
0.819757154
0.819751923
0.819749231
0.819725462
0.819709769
0.819708846
0.819708769
0.819706077
0.819695
0.819686846
0.819650615
0.819646615
0.819611077
0.819610385
0.819568077
0.819566692
0.819563615
0.819552308
0.819548538
0.819539308
0.819534615
0.819524923
0.819507077
0.819500923
0.819495
0.819493385
0.819464923
0.819453308
0.819446
0.819420462
0.819419
0.819410846
0.819408077
0.819397692
0.819395615
0.819375692
0.819369538
0.819362846
0.819352462
0.819334615
0.819323231
0.819312
0.819308462
0.819277615
0.819277308
0.819274154
0.819262154
0.819245154
0.819240923
0.819236308
0.819235462
0.819228077
0.819214462
0.819207231
0.819191231
0.819190538
0.819174385
0.819164077
0.819160538
0.81916
0.819153846
0.819141231
0.819129231
0.819128077
0.819123692
0.819122692
0.819118538
0.819110154
0.819092615
0.819076538
0.819067154
0.819054923
0.819054
0.819053385
0.819047615
0.819037538
0.819027846
0.818999154
0.818991923
0.818989385
0.818980769
0.818963538
0.818960769
0.818939
0.818932692
0.818915077
0.818889154
0.818888077
0.818882846
0.818882154
0.818882077
0.818879154
0.818876231
0.818872462
0.818871538
0.818871385
0.818862
0.818849
0.818834692
0.818834
0.818833462
0.818819385
0.818818615
0.818798077
0.818781308
0.818777615
0.818775462
0.818771308
0.818767154
0.818761385
0.818759231
0.818756923
0.818728
0.818718462
0.818717769
0.818710615
0.818682
0.818675846
0.818662462
0.818657846
0.818637692
0.818618
0.818591308
0.818571
0.818563462
0.818558231
0.818554692
0.818553692
0.818534154
0.818528308
0.818513077
0.818503923
0.818490769
0.818490538
0.818481385
0.818468154
0.818437
0.818423923
0.818409385
0.818395692
0.818365538
0.818360462
0.818338231
0.818305
0.818283308
0.818267615
0.818257154
0.818242308
0.818237769
0.818231385
0.818217615
0.8182
0.818190308
0.818189538
0.818183769
0.818136077
0.818135154
0.818123923
0.818108692
0.818108462
0.818103923
0.818103769
0.818099
0.818082538
0.818080692
0.818059077
0.818048231
0.818027462
0.818025692
0.818006385
0.817956462
0.817956385
0.817953
0.817949462
0.817905308
0.817901385
0.817901385
0.817900231
0.817895769
0.817885692
0.817872846
0.817868462
0.817836231
0.817826769
0.817821769
0.817818154
0.817810231
0.817809
0.817807615
0.817804692
0.817803154
0.817792538
0.817784308
0.817780692
0.817778308
0.817776154
0.817756385
0.817753385
0.817746077
0.81774
0.817730692
0.817714462
0.817706615
0.817695769
0.817688
0.817684462
0.817677462
0.817659538
0.817645846
0.817641538
0.817641385
0.817619385
0.817579462
0.817556923
0.817553385
0.817539154
0.817524462
0.817510692
0.817508231
0.817505846
0.817493538
0.817472692
0.817472462
0.817458846
0.817448692
0.817438846
0.817421385
0.817420154
0.817383615
0.817373538
0.817356846
0.817316
0.817283308
0.817277
0.817271769
0.817270385
0.817247154
0.817219923
0.817218769
0.817214769
0.817158846
0.817131923
0.817131
0.817118077
0.817114769
0.817113385
0.817107846
0.817107077
0.817090154
0.817080077
0.817034923
0.817030462
0.817027308
0.817025615
0.817024615
0.817021231
0.817000923
0.816992769
0.816988615
0.816969154
0.816967308
0.816963923
0.816946
0.816923
0.816906692
0.81689
0.816884154
0.816883692
0.816832692
0.816802077
0.816799154
0.816788
0.816778154
0.816776538
0.816757615
0.816752385
0.816752
0.816742615
0.816736231
0.816704615
0.816678385
0.816645769
0.816643538
0.816609385
0.816564538
0.816561692
0.816557231
0.816556231
0.816538308
0.816535462
0.816533769
0.816525385
0.816524385
0.816516538
0.816514692
0.816512769
0.816508231
0.816483615
0.816476308
0.816453308
0.816453308
0.816449692
0.816448308
0.816442154
0.816435
0.816421692
0.816416385
0.816410154
0.816385692
0.816377154
0.816374154
0.816371769
0.816366846
0.816350923
0.816342769
0.816333692
0.816315231
0.816277462
0.816277385
0.816271462
0.816254077
0.816227923
0.816221769
0.816215538
0.816183462
0.816162923
0.816147846
0.816139692
0.816131923
0.816115308
0.816109846
0.816109385
0.816084538
0.816076692
0.816074615
0.816070385
0.816068308
0.816053462
0.816046154
0.816030231
0.816021769
0.816011077
0.816007692
0.815997231
0.815991
0.815952846
0.815952615
0.815951615
0.815942462
0.815940077
0.815939385
0.815930769
0.815929846
0.815928538
0.815906308
0.815904385
0.815901
0.815896077
0.815896
0.815878
0.815873077
0.815862077
0.815855231
0.815854538
0.815842462
0.815812615
0.815806846
0.815801462
0.815785231
0.815775308
0.815759462
0.815746385
0.815741769
0.815726231
0.815716769
0.815709615
0.815706077
0.815676077
0.815673077
0.815671615
0.815664615
0.815664538
0.815656154
0.815656077
0.815647385
0.815641615
0.815636538
0.815633231
0.815613308
0.815603077
0.815601462
0.815574615
0.815564692
0.815529615
0.815523231
0.815508385
0.815505231
0.815501692
0.815497077
0.815476077
0.815462231
0.815461615
0.815460462
0.815449846
0.815440692
0.815434538
0.815421769
0.81542
0.815406385
0.815403385
0.815401923
0.815376846
0.815372308
0.815330538
0.815322
0.815314154
0.815313154
0.815298308
0.815264615
0.815255846
0.815191154
0.815184692
0.815181615
0.815180538
0.815176308
0.815175615
0.815155538
0.815147692
0.815137
0.815135769
0.815122385
0.815110077
0.815094615
0.815078462
0.815061
0.815046462
0.815043538
0.815021692
0.815011154
0.815001154
0.814985923
0.814970462
0.814955385
0.814943231
0.814927231
0.814922385
0.814912154
0.814911
0.814881385
0.814877846
0.814859154
0.814852538
0.814847462
0.814844538
0.814839538
0.814778154
0.814774385
0.814765231
0.814763308
0.814755077
0.814753077
0.814752769
0.814745077
0.814721
0.814710308
0.814709538
0.814707923
0.814699462
0.814690615
0.814681769
0.814677538
0.814675538
0.814671077
0.814659231
0.814649154
0.814645
0.814636308
0.814632692
0.814632
0.814610692
0.814607154
0.814605846
0.814603846
0.814590462
0.814590385
0.814552231
0.814530231
0.814514462
0.814513462
0.814512077
0.814507692
0.814496308
0.814490308
0.814478385
0.814464385
0.814457692
0.814457308
0.814451154
0.814398308
0.814397154
0.814393923
0.814388077
0.814384077
0.814379923
0.814371923
0.814358923
0.814358308
0.814356308
0.814346538
0.814345538
0.814328077
0.814314
0.814289
0.814284462
0.814269077
0.814260308
0.814220923
0.814199923
0.814192692
0.814174692
0.814166154
0.814155231
0.814150692
0.814144615
0.814133231
0.814120462
0.814091846
0.814083
0.814077846
0.813967538
0.813965
0.813961692
0.813956462
0.813944077
0.813937154
0.813936615
0.813924154
0.813914923
0.813914846
0.813907462
0.8139
0.813896538
0.813890846
0.813887385
0.813882615
0.813876462
0.813876
0.813872615
0.813865462
0.813855538
0.813841308
0.813836692
0.813834769
0.813834154
0.813829
0.813809231
0.813798538
0.813797769
0.813791538
0.813783308
0.813783308
0.813771
0.813759846
0.813747846
0.813746846
0.813745385
0.813737077
0.813736769
0.813732385
0.813732154
0.813731615
0.813715923
0.813706
0.813693615
0.813681308
0.813676231
0.813675385
0.813672462
0.813654231
0.813651385
0.813645846
0.813645769
0.813635462
0.813634615
0.813610615
0.813603615
0.813588538
0.813587615
0.813582615
0.813580692
0.813579308
0.813564615
0.813559
0.813558923
0.813557923
0.813557615
0.813548692
0.813521308
0.813521
0.813520538
0.813506
0.813497385
0.813495846
0.813490308
0.813488385
0.813477769
0.813471615
0.813459538
0.813448
0.813447385
0.813445692
0.813428769
0.813424462
0.813394077
0.813388923
0.813381846
0.813380077
0.813379692
0.813375923
0.813374923
0.813363462
0.813358462
0.813348538
0.813348538
0.813344231
0.813332462
0.813330769
0.813330154
0.813314538
0.813312231
0.813286231
0.813278308
0.813248615
0.813242923
0.813232769
0.813222308
0.813198615
0.813195615
0.813174615
0.813161385
0.813156462
0.813125538
0.813117615
0.813101154
0.813093385
0.813084
0.813080923
0.813080538
0.813076846
0.813065462
0.813023385
0.813019231
0.813010308
0.813005231
0.813002154
0.812982231
0.812971615
0.812961538
0.812953462
0.812933385
0.812895385
0.812890231
0.812877538
0.812875308
0.812851077
0.812841769
0.812840154
0.812797615
0.812775231
0.812774462
0.812769923
0.812748308
0.812699
0.812690462
0.812656923
0.812651385
0.812638615
0.812633923
0.812607923
0.812601
0.812594
0.812593
0.812592154
0.812581538
0.812581385
0.812574538
0.812573077
0.812548923
0.812545154
0.812526462
0.812511692
0.812495308
0.812482538
0.812471077
0.812465923
0.812437
0.812417538
0.812415692
0.812405923
0.812404462
0.812403615
0.812403
0.812396692
0.812395462
0.812391385
0.812380154
0.812374154
0.812367077
0.812358923
0.812352308
0.812347923
0.812341615
0.812334769
0.812334538
0.812325923
0.812322846
0.812316923
0.812315385
0.812307846
0.812304615
0.812289615
0.812281462
0.812265846
0.812262538
0.812259231
0.812251769
0.81224
0.812226538
0.812221154
0.812171769
0.812132077
0.812130462
0.812127308
0.812111385
0.812100615
0.812099769
0.812096231
0.812082385
0.812079615
0.812071385
0.812051846
0.812043385
0.812039538
0.812037154
0.812029846
0.812025077
0.812000154
0.811998
0.811985
0.811963462
0.811960077
0.811956692
0.811956538
0.811950077
0.811910923
0.811893692
0.811869615
0.811853538
0.811846154
0.811805615
0.811803538
0.811791769
0.811781308
0.811779846
0.811777538
0.811774846
0.811733538
0.811728077
0.811721615
0.811707846
0.811703077
0.811697462
0.811686769
0.811681231
0.811670769
0.811645231
0.811631692
0.811624462
0.811613308
0.811594615
0.81159
0.811577308
0.811575769
0.811563
0.811558615
0.811557462
0.811550769
0.811543462
0.811538
0.811529154
0.811522308
0.811513846
0.811512231
0.811490154
0.811485692
0.811482385
0.811481
0.811479
0.811473308
0.811465077
0.811455769
0.811448538
0.811446231
0.811441
0.811439
0.811436077
0.811405769
0.811373
0.811370692
0.811367846
0.811366538
0.811347615
0.811308538
0.811307538
0.811307308
0.811286923
0.811270385
0.811270231
0.811264846
0.811252308
0.811246846
0.811223846
0.811222846
0.811201231
0.811199846
0.811198154
0.811189692
0.811179538
0.811173077
0.811139538
0.811133462
0.811131077
0.811122
0.811121615
0.811107692
0.811105615
0.811079
0.811078077
0.811067077
0.811054615
0.811014
0.811013615
0.811004692
0.810988923
0.810987385
0.810984462
0.810968077
0.810967692
0.810965923
0.810958462
0.810933231
0.810931923
0.810931385
0.810919692
0.810913846
0.810904308
0.810903923
0.810874846
0.810862231
0.810861
0.810851692
0.810827846
0.810827077
0.810816385
0.810815077
0.810798923
0.810793462
0.810784538
0.810751308
0.810746769
0.810741846
0.810737308
0.810725385
0.810717692
0.810707692
0.810697923
0.810690077
0.810687846
0.810682462
0.810677154
0.810673769
0.810666
0.810661615
0.810653231
0.810641846
0.810629308
0.810619692
0.810617
0.810613154
0.810611154
0.810602231
0.810590154
0.810573462
0.810572615
0.810559615
0.810559615
0.810542385
0.810510846
0.810492923
0.810492154
0.810489923
0.810487923
0.810460231
0.81046
0.810446308
0.810437077
0.810432308
0.810421
0.810418154
0.810413385
0.810395077
0.810365385
0.810361615
0.810361
0.810360769
0.810360385
0.810358
0.810352
0.810347923
0.810340769
0.810325385
0.810306923
0.810287385
0.810283231
0.810282692
0.810277538
0.810273846
0.810264154
0.810261692
0.810257846
0.810238231
0.810236462
0.810218846
0.810209538
0.810192769
0.810189308
0.810172538
0.810167615
0.810149154
0.810148615
0.810142692
0.810141
0.810138231
0.810135692
0.810134538
0.810132308
0.810131462
0.810125154
0.810113154
0.810106462
0.810105154
0.810086846
0.810059923
0.810055
0.810052308
0.810045538
0.810040385
0.810037462
0.810031231
0.810031154
0.810009462
0.810001923
0.809991846
0.809988
0.809984615
0.809976846
0.809955308
0.809950615
0.809948
0.809935077
0.809933077
0.809930385
0.809907923
0.809900231
0.809867462
0.809863154
0.809862769
0.809844385
0.809814462
0.809811923
0.809798538
0.809781846
0.809776846
0.809749923
0.809742231
0.809734538
0.809728308
0.809701615
0.809695462
0.809692385
0.809678692
0.809674385
0.809661077
0.809659077
0.809655846
0.809645923
0.809635308
0.809607615
0.809602154
0.809585615
0.809571538
0.809567077
0.809542769
0.809537538
0.809503077
0.809495615
0.809487231
0.809486538
0.809483615
0.809476077
0.809465846
0.809430615
0.809411538
0.809404615
0.809402462
0.809392308
0.809380154
0.809371077
0.809365615
0.809354538
0.809352692
0.809326154
0.809324538
0.809317692
0.809306077
0.809305
0.809296385
0.809293
0.809289385
0.809286923
0.809286308
0.809279308
0.809272154
0.809268
0.809260615
0.809251308
0.809242538
0.809233385
0.809231154
0.809219462
0.809199615
0.809198
0.809191308
0.809170462
0.809166692
0.809151385
0.809148385
0.809142462
0.809134077
0.809077385
0.809076308
0.809075077
0.809064077
0.809058923
0.809054538
0.809050462
0.809010846
0.809004462
0.808997154
0.808995385
0.808991462
0.808970231
0.808956538
0.808942538
0.808937615
0.808918231
0.808905308
0.808903154
0.808895077
0.808892
0.808891
0.808868385
0.808864077
0.808860462
0.808835385
0.808834
0.808823308
0.808821769
0.808816308
0.808806615
0.808799385
0.808796769
0.808787077
0.808776769
0.808767692
0.808759846
0.808757
0.808751923
0.808743615
0.808742769
0.808730385
0.808728385
0.808719615
0.808706154
0.808703538
0.808687231
0.808651462
0.808650923
0.808648769
0.808639231
0.808637154
0.808635154
0.808614308
0.808603846
0.808579077
0.808562462
0.808559846
0.808557615
0.808556385
0.808541615
0.808525231
0.808523077
0.808522462
0.808521692
0.808509385
0.808505846
0.808499769
0.808499231
0.808491615
0.808468077
0.808433308
0.808429846
0.808418923
0.808416231
0.808397231
0.808396923
0.808389846
0.808380231
0.808378769
0.808373846
0.808373154
0.808364154
0.808352231
0.808335462
0.808299385
0.808295231
0.808290538
0.808279308
0.808272308
0.808272154
0.808270923
0.808270692
0.808263538
0.808252462
0.808246385
0.808244154
0.808243846
0.808236846
0.808234692
0.808234385
0.808216923
0.808188538
0.808187077
0.808163231
0.808145538
0.808121615
0.808121231
0.808120385
0.808117846
0.808106462
0.808102923
0.808094462
0.808091385
0.808088154
0.808082692
0.808076
0.808074769
0.808066615
0.808061846
0.808052769
0.808045077
0.808042
0.808039615
0.808035308
0.808006538
0.808001462
0.807970615
0.807957769
0.807943154
0.807901308
0.807897231
0.807885231
0.807884923
0.807884615
0.807882462
0.807871231
0.807865308
0.807864154
0.807862077
0.807860077
0.807857538
0.807840538
0.807837615
0.807835308
0.807831846
0.807817615
0.807805231
0.807796846
0.807777385
0.807775231
0.807759846
0.807757385
0.807756846
0.807750846
0.807743154
0.807738462
0.807737
0.807728615
0.807712692
0.807712692
0.807692308
0.807689538
0.807656923
0.807652462
0.807651538
0.807632692
0.807588308
0.807555615
0.807553538
0.807549692
0.807549692
0.807545769
0.807541154
0.807534923
0.807528692
0.807526231
0.807513769
0.807497154
0.807492308
0.807488462
0.807457538
0.807432692
0.807429
0.807402231
0.807389769
0.807376846
0.807368385
0.807367538
0.807362615
0.807354923
0.807332538
0.807301538
0.807299462
0.807292846
0.807283077
0.807279077
0.807259846
0.807252077
0.807247077
0.807231462
0.807217077
0.807192769
0.807188769
0.807177308
0.807172538
0.807171538
0.807164
0.807159154
0.807156923
0.807156385
0.807138462
0.807131538
0.807130231
0.807123615
0.807109308
0.807101923
0.807101385
0.807090923
0.807087308
0.807082538
0.807076923
0.807067154
0.807062
0.807051769
0.807049231
0.807047385
0.807039846
0.807027615
0.807026154
0.807021692
0.807016692
0.807015077
0.807013308
0.807013231
0.807000231
0.806995154
0.806990846
0.806979846
0.806969308
0.806964846
0.806955923
0.806950615
0.806945308
0.806941769
0.806929462
0.806910923
0.806906769
0.806906077
0.806900923
0.806864308
0.806862769
0.806853385
0.806846231
0.806842385
0.806841154
0.806832769
0.806829462
0.806829
0.806827846
0.806826385
0.806819769
0.806812538
0.806796538
0.806786923
0.806761462
0.806761077
0.806759308
0.806758462
0.806756769
0.806753923
0.806752
0.806748692
0.806744308
0.806708923
0.806707308
0.806704769
0.806681077
0.806674231
0.806665769
0.806665308
0.806661538
0.806646154
0.806636077
0.806624923
0.806600154
0.806591538
0.806565
0.806553308
0.806551538
0.806541615
0.806541
0.806537308
0.806509462
0.806474615
0.806474615
0.806469846
0.806466769
0.806465077
0.806463385
0.806453231
0.806423692
0.806401538
0.806367308
0.806363308
0.806330077
0.806319923
0.806300538
0.806290154
0.806276154
0.806271385
0.806268
0.806241154
0.806237
0.806236846
0.806233231
0.806205462
0.806203923
0.806199231
0.806189538
0.806185077
0.806183923
0.806182769
0.806163846
0.806130231
0.806111
0.806104769
0.806083154
0.806079538
0.806052615
0.806049
0.806046231
0.806018692
0.806016538
0.806013615
0.806011385
0.806010923
0.806004846
0.806002923
0.805986231
0.805960077
0.805944615
0.805923538
0.805914
0.805911231
0.805907154
0.805895692
0.805866923
0.805859692
0.805851923
0.805846308
0.805837692
0.805833231
0.805830769
0.805809308
0.805809231
0.805803923
0.805799308
0.805781
0.805778615
0.805771615
0.805766615
0.805754077
0.805751
0.805748538
0.805744308
0.805738769
0.805718
0.805711385
0.805693308
0.805666385
0.805665538
0.805659462
0.805657154
0.805648692
0.805634
0.805617231
0.805610615
0.805588615
0.805575538
0.805561
0.805559231
0.805551462
0.805545
0.805528
0.805514769
0.805495769
0.805493538
0.805463692
0.805461077
0.805460231
0.805452846
0.805452769
0.805450462
0.805449308
0.805438385
0.805432692
0.805426154
0.805419385
0.805382077
0.805374231
0.805373615
0.805356769
0.805354
0.805339462
0.805329923
0.805329385
0.805326923
0.805307538
0.805304769
0.805294077
0.805270769
0.805259154
0.805245846
0.805241077
0.805200692
0.805171538
0.805154692
0.805146077
0.805138615
0.805133769
0.805127615
0.805117538
0.805115846
0.805105923
0.805087154
0.805075538
0.805072846
0.805045385
0.805033846
0.805004538
0.804988846
0.804977385
0.804974923
0.804962538
0.804935385
0.804918154
0.804893538
0.804891923
0.804873769
0.804871615
0.804870923
0.804863923
0.804841615
0.804810538
0.804763692
0.804758231
0.804751769
0.804747077
0.804718615
0.804714846
0.804701385
0.804695154
0.804688
0.804681385
0.804667692
0.804659692
0.804655615
0.804649077
0.804649077
0.804643615
0.804634846
0.804633846
0.804601462
0.804590615
0.804588154
0.804582538
0.804582077
0.804571769
0.804571538
0.804530769
0.804526154
0.804508846
0.804499692
0.804497538
0.804477538
0.804466923
0.804444308
0.804435538
0.804427308
0.804424462
0.804410692
0.804407692
0.804389615
0.804374462
0.804347692
0.804344846
0.804332231
0.804318615
0.804306692
0.804280308
0.804266385
0.804264923
0.804258846
0.804255923
0.804242538
0.804241692
0.804229538
0.804221615
0.804220769
0.804211154
0.804202923
0.804200538
0.804198769
0.804168846
0.804160846
0.804141769
0.804137385
0.804121769
0.804115
0.804091231
0.804079154
0.804078769
0.804076462
0.804031154
0.804024923
0.803981231
0.803974077
0.803971385
0.803970308
0.803968462
0.803958308
0.803954846
0.803944769
0.803933308
0.803906462
0.803906385
0.803905
0.803902769
0.803885154
0.803877692
0.803872462
0.803869077
0.803858077
0.803854385
0.803853462
0.803852
0.803827846
0.803808462
0.803805154
0.803802308
0.803801769
0.803796692
0.803795385
0.803790538
0.803773769
0.803773154
0.803771462
0.803764231
0.803753692
0.803751923
0.803746923
0.803739923
0.803738
0.803732538
0.803724
0.803714769
0.803708846
0.803665923
0.803665
0.803659
0.803653846
0.803642385
0.803637538
0.803619923
0.803614615
0.8036
0.803598769
0.803595154
0.803587538
0.803587231
0.803566538
0.803565923
0.803562846
0.803550769
0.803538923
0.803536692
0.803522154
0.803499462
0.803489308
0.803481462
0.803466846
0.803455538
0.803449615
0.803432385
0.803424615
0.803409462
0.803394154
0.803384615
0.803373692
0.803358077
0.803353615
0.803335538
0.803333846
0.803310538
0.803298846
0.803276769
0.803255692
0.803242077
0.803241462
0.803235462
0.803211615
0.803204154
0.803200308
0.803197385
0.803188
0.803181692
0.803162385
0.803122231
0.803112615
0.803082538
0.803034692
0.803007231
0.803003308
0.802985385
0.802952231
0.802946385
0.802946
0.802933846
0.802924462
0.802923692
0.802920308
0.802908
0.802905538
0.802903462
0.802901692
0.802897615
0.802896462
0.802883077
0.802868
0.802861
0.802843385
0.802826923
0.802817769
0.802815769
0.802807385
0.802800846
0.802793846
0.802791
0.802786
0.802775
0.802772154
0.802771
0.802766692
0.802761846
0.802735769
0.802721615
0.802719615
0.802714154
0.802695692
0.802690538
0.802684923
0.802681
0.802662846
0.802644
0.802643769
0.802642231
0.802612923
0.802607692
0.802607077
0.802601231
0.802586154
0.802570385
0.802556077
0.802555923
0.802555538
0.802543462
0.802536308
0.802534923
0.802532231
0.802515846
0.802487769
0.802481385
0.802472154
0.802459154
0.802442846
0.802409769
0.802403308
0.802398154
0.802397923
0.802386385
0.802381923
0.802381615
0.802345077
0.802331154
0.802327385
0.802321154
0.802313
0.802303462
0.802292615
0.802289462
0.802270385
0.802251615
0.802245538
0.802227846
0.802223462
0.802218692
0.802212
0.802204
0.802199769
0.802167462
0.802148154
0.802136385
0.802124538
0.802124385
0.802117846
0.802117846
0.802116769
0.802115538
0.802109462
0.802099923
0.802098615
0.802097615
0.802070385
0.802061
0.802058231
0.802024154
0.802020385
0.802016923
0.802012615
0.802007
0.801994
0.801983231
0.801982769
0.801978538
0.801956154
0.801940538
0.801933385
0.801921692
0.801914385
0.801909923
0.801897769
0.801890154
0.801885923
0.801873769
0.801860923
0.801846462
0.801832692
0.801832308
0.801831846
0.801822077
0.801811
0.801807308
0.801801846
0.801785154
0.801746692
0.801738846
0.801726615
0.801724385
0.801709
0.801704846
0.801698077
0.801676308
0.801668846
0.801660923
0.801654615
0.801653385
0.801641308
0.801634308
0.801632
0.801626538
0.801620231
0.801618077
0.801606615
0.801598692
0.801591538
0.801545769
0.801539538
0.801533154
0.801524462
0.801520538
0.801503077
0.801488615
0.801463077
0.801459
0.801450692
0.801449462
0.801434154
0.801417615
0.801411308
0.801407692
0.801381154
0.801363846
0.801358846
0.801355462
0.801349538
0.801332308
0.801308154
0.801306846
0.801296769
0.801290462
0.801278692
0.801274615
0.801271077
0.801268692
0.801261923
0.801258923
0.801236077
0.801226923
0.801211769
0.801211615
0.801206385
0.801192615
0.801189692
0.801189462
0.801187769
0.801178769
0.801177385
0.801171692
0.801161
0.801138154
0.801134846
0.801123846
0.80112
0.801110077
0.801105077
0.801092923
0.801075308
0.801074385
0.801065231
0.801047462
0.801036923
0.801014692
0.801010308
0.801005077
0.800992692
0.800987231
0.800984615
0.800983
0.800978846
0.800938846
0.800930923
0.800928923
0.800911846
0.800907154
0.800894154
0.800880231
0.800874692
0.800833077
0.800823308
0.800814077
0.800812692
0.800802
0.800792231
0.800779154
0.800775769
0.800775769
0.800770923
0.800759538
0.800752077
0.800741538
0.800735
0.800731077
0.800729
0.800714769
0.800706231
0.800705385
0.800696308
0.800694077
0.800673538
0.800673385
0.800658154
0.800623231
0.800622538
0.800590154
0.800570077
0.800565846
0.800554385
0.80053
0.800512385
0.800505615
0.800494538
0.800491462
0.800486769
0.800467462
0.800466846
0.800466462
0.800430923
0.800416
0.800415615
0.80037
0.800358846
0.800358538
0.800357692
0.800357308
0.800346538
0.800346077
0.800314154
0.800312846
0.800306077
0.800288615
0.800286462
0.800286154
0.800285769
0.800272308
0.800246615
0.800232231
0.800225538
0.800172769
0.800134462
0.800124769
0.800110923
0.800103462
0.800080692
0.800080231
0.800076923
0.800062769
0.800041385
0.800031692
0.800029462
0.800001154
0.799993615
0.799988462
0.799987077
0.799980077
0.799964231
0.799962769
0.799959538
0.799952308
0.799924923
0.799923462
0.799921692
0.799903538
0.7999
0.799893077
0.799878308
0.799865077
0.799865
0.799857231
0.799853846
0.799850538
0.799843692
0.799809692
0.799808923
0.799807385
0.799805308
0.799803538
0.799800308
0.799779462
0.799776385
0.799742231
0.799705462
0.799679923
0.799678231
0.799673846
0.799673231
0.799667231
0.799663077
0.799661692
0.799651231
0.799639385
0.799636
0.799631308
0.799622923
0.799621692
0.799617231
0.799617154
0.799616462
0.799615923
0.799589154
0.799588462
0.799581923
0.799577231
0.799575692
0.799563
0.799554462
0.799552923
0.799552308
0.799546077
0.799544154
0.799538
0.799538
0.799520231
0.799514385
0.799514077
0.799511154
0.799510077
0.799508
0.799480769
0.799473231
0.799469615
0.799468
0.799462462
0.799455385
0.799449846
0.799446
0.799441538
0.799440077
0.799426538
0.799424154
0.799404231
0.799373077
0.799372
0.799362692
0.799338
0.799337615
0.799335692
0.799296538
0.799282231
0.799273231
0.799272231
0.799257385
0.799249769
0.799248462
0.799243846
0.799239231
0.799216462
0.799212
0.799195615
0.799184
0.799176231
0.799146308
0.799115231
0.799085615
0.799080769
0.799062692
0.799061538
0.799054846
0.799053154
0.79904
0.799029538
0.799028846
0.799023846
0.799001308
0.798988154
0.798937231
0.798921615
0.798915538
0.798912615
0.798911769
0.798902846
0.798894615
0.798881692
0.798872615
0.798798692
0.798791538
0.798788077
0.798785538
0.798771077
0.798758385
0.798750923
0.798746692
0.798745615
0.798730538
0.798722385
0.798712308
0.798690231
0.798683385
0.798680154
0.798666846
0.798637846
0.798636385
0.798625
0.798608077
0.798580462
0.798579077
0.798559231
0.798558538
0.798551
0.798514923
0.798503692
0.798498
0.798497538
0.798490308
0.798488385
0.798488
0.798474
0.798473846
0.798451692
0.798442923
0.798404923
0.798383846
0.798377
0.798365769
0.798351769
0.798323538
0.798312
0.798307077
0.798303154
0.798288692
0.798282077
0.798278154
0.798274077
0.798270077
0.798266538
0.798244462
0.798239462
0.798237231
0.798208
0.798173231
0.798153692
0.798149538
0.798147462
0.798144692
0.798100308
0.798085308
0.798084923
0.798069
0.798060462
0.798051385
0.798048615
0.798035385
0.798034769
0.798025231
0.798012769
0.798012
0.797984538
0.797956846
0.797943846
0.797943692
0.797931154
0.797910077
0.797901308
0.797890692
0.797867308
0.797863923
0.797860615
0.797844923
0.797838308
0.797832462
0.797815231
0.797796538
0.797782308
0.797714615
0.797702231
0.797695385
0.797687
0.797685846
0.797675
0.797662
0.797659308
0.797649538
0.797643308
0.797606231
0.797580231
0.797577462
0.797569923
0.797561769
0.797556923
0.797549846
0.797517154
0.797476462
0.797470923
0.797462
0.797454846
0.797446923
0.797428385
0.797423385
0.797423385
0.797422
0.797412615
0.797405077
0.797402846
0.797395692
0.797390846
0.797365538
0.797352769
0.797352462
0.797350692
0.797349231
0.797340538
0.797340308
0.797337231
0.797334846
0.797334692
0.797318308
0.797311692
0.797308923
0.797287615
0.797281
0.797278846
0.797273462
0.797269462
0.797264615
0.797260077
0.797258
0.797220462
0.797211538
0.797189692
0.797147
0.797116923
0.797110308
0.797087385
0.797070538
0.797070077
0.797035538
0.797034154
0.797033692
0.797030154
0.797009615
0.796990769
0.79697
0.796954846
0.796948385
0.796945769
0.796941154
0.796937692
0.796936
0.796918846
0.796902154
0.796893385
0.796875308
0.796869538
0.796868308
0.796850846
0.796820385
0.796819615
0.796816462
0.796811692
0.796782077
0.796778077
0.796750308
0.796750231
0.796733538
0.796726385
0.796705692
0.796696923
0.796695692
0.796684846
0.796681308
0.796661
0.796643615
0.796639538
0.796637692
0.796630923
0.796627231
0.796622769
0.796605538
0.796594154
0.796587769
0.796587538
0.796585538
0.796581615
0.796576538
0.796563077
0.796556385
0.796552692
0.796534615
0.796517769
0.796496846
0.796466615
0.796463308
0.796459846
0.796453077
0.796441462
0.796434154
0.796416231
0.796408846
0.796392154
0.796391769
0.796388846
0.796388308
0.796383692
0.796381231
0.796373923
0.796370538
0.796369077
0.796343923
0.796304692
0.796301385
0.796268462
0.796267308
0.796250923
0.796241385
0.796217615
0.796207385
0.796203
0.796178
0.796177462
0.796169615
0.796159692
0.796137846
0.796126
0.796119923
0.796113769
0.796109385
0.796092308
0.796092
0.796088923
0.796088462
0.796082077
0.796079846
0.796078077
0.796074231
0.796072923
0.796066154
0.796061231
0.796061
0.796047615
0.796011615
0.796
0.795985
0.795982077
0.795974923
0.795973231
0.795971615
0.795957615
0.795957308
0.795957
0.795953769
0.795949692
0.795944923
0.795934308
0.795921308
0.795919692
0.795904615
0.795899154
0.795886615
0.795875692
0.795869308
0.795865308
0.795844615
0.795838308
0.795835692
0.795792231
0.795789692
0.795750923
0.795742
0.795736615
0.795728923
0.795725615
0.795720462
0.795720077
0.795702
0.795673615
0.795664231
0.795662923
0.795662385
0.795660846
0.795653615
0.795651692
0.795635077
0.795622308
0.795621385
0.795619
0.795592231
0.795570769
0.795557462
0.795540077
0.795535923
0.795532846
0.795531769
0.795524769
0.795506077
0.795495385
0.795489462
0.795485077
0.795481
0.795480923
0.795474615
0.795459308
0.795458615
0.795452692
0.795450923
0.795442769
0.795403538
0.795401692
0.795395077
0.795383462
0.795383385
0.795383
0.795368231
0.795347769
0.795337692
0.795328615
0.795321308
0.795319385
0.795309231
0.795292615
0.795291077
0.795277846
0.795261
0.795260538
0.795259923
0.795254
0.795225923
0.795213077
0.795213
0.795204077
0.795202462
0.795191923
0.795187769
0.795184538
0.795173308
0.795151615
0.795151462
0.795131923
0.795123462
0.795120462
0.795106692
0.795085769
0.795083231
0.795078846
0.795071231
0.795063154
0.795058692
0.795057692
0.795047769
0.795023538
0.795009308
0.795002231
0.794998077
0.794992077
0.794974231
0.794967231
0.794960538
0.794927308
0.794888923
0.794888077
0.794879
0.794852154
0.794851692
0.794848923
0.794840692
0.794827692
0.794822615
0.794818231
0.794815923
0.794810846
0.794797615
0.794795
0.794785385
0.794783154
0.794773385
0.794736692
0.794729692
0.794714154
0.794703615
0.794699462
0.794666846
0.794661154
0.794657538
0.794636308
0.794618231
0.794617692
0.794611
0.794599
0.794579615
0.794566923
0.794556615
0.794542692
0.794535154
0.794530538
0.794525154
0.794508615
0.794508308
0.794498154
0.794490462
0.794464154
0.794463154
0.794428
0.794419154
0.794418615
0.794401462
0.794383923
0.794380385
0.794379462
0.794379154
0.794372462
0.794371538
0.794369231
0.794366923
0.794362846
0.794362462
0.794351615
0.794350077
0.794343923
0.794332692
0.794332231
0.794317615
0.794309231
0.794298769
0.794295538
0.794270615
0.794260846
0.794259846
0.794248
0.794228769
0.794193923
0.794129615
0.794093
0.794087923
0.794071385
0.794063923
0.794063846
0.794062538
0.794059
0.794019
0.794005231
0.794004846
0.793999308
0.793999077
0.793998769
0.793997769
0.793990923
0.793990077
0.793963385
0.793960308
0.793952308
0.793952308
0.793939
0.793938692
0.793937154
0.793924615
0.793924462
0.793919231
0.793903154
0.793895231
0.793892692
0.793892692
0.793891077
0.793887692
0.79387
0.793853385
0.793845077
0.793842615
0.793832846
0.793801923
0.793779154
0.793771231
0.793769
0.793765692
0.793753923
0.793747077
0.793745308
0.793724769
0.793705846
0.793693769
0.793664
0.793647846
0.793647231
0.793642923
0.793630923
0.793628077
0.793598769
0.793558462
0.793549462
0.793545077
0.793544692
0.793542462
0.793540308
0.793515
0.793499923
0.793490923
0.793488923
0.793476923
0.793476692
0.793473923
0.793447846
0.793440077
0.793432385
0.793431692
0.793431
0.793427538
0.793422615
0.793413308
0.793379462
0.793373692
0.793370846
0.793370538
0.793358308
0.793356692
0.793346462
0.793339846
0.793336615
0.793314077
0.793297846
0.793296538
0.793289385
0.793288615
0.793282692
0.793270538
0.793266923
0.793261308
0.793260077
0.793257769
0.793233231
0.793229615
0.793224385
0.793223
0.793208923
0.793206769
0.793197077
0.793195769
0.793190923
0.793167462
0.793165308
0.793147077
0.793106923
0.793104231
0.793103
0.793099615
0.793092769
0.793088923
0.793087231
0.793087154
0.79308
0.793075538
0.793074462
0.793049077
0.793034846
0.793032923
0.793021769
0.793020923
0.793018769
0.792991923
0.792979846
0.792944615
0.792917846
0.792914077
0.792891
0.792889077
0.792877308
0.792861692
0.792849
0.792848846
0.792847615
0.792844615
0.792838692
0.792838462
0.792823923
0.792810769
0.792799846
0.792798615
0.792786462
0.792778462
0.792763154
0.792763077
0.792761692
0.792751846
0.792751846
0.792741077
0.79274
0.792737154
0.792735077
0.792734154
0.792723308
0.792722538
0.792713154
0.792708846
0.792699846
0.792687615
0.792687231
0.792686231
0.792681462
0.792676769
0.792667231
0.792645615
0.792642538
0.792642462
0.792633462
0.792605308
0.792580462
0.792575462
0.792560769
0.792547923
0.792540923
0.792527
0.792511077
0.792504769
0.792494769
0.792480923
0.792461
0.792440923
0.792438308
0.792431077
0.792419692
0.792398308
0.792384077
0.792371385
0.792365692
0.792364769
0.792357462
0.792342077
0.792335462
0.792320385
0.792271462
0.792266154
0.792235077
0.792233231
0.792207615
0.792195692
0.792194846
0.792191538
0.792180923
0.792173308
0.792173
0.792151615
0.792145923
0.792089846
0.792083154
0.792075615
0.792030308
0.792015154
0.792007923
0.792006615
0.792003077
0.791992231
0.791973615
0.791960231
0.791958923
0.791951769
0.791950308
0.791940077
0.791909769
0.791896385
0.791876692
0.791872538
0.791866769
0.791847462
0.791846385
0.791844692
0.791839462
0.791837231
0.791833692
0.791829231
0.791820462
0.791813308
0.791808077
0.791802615
0.791792615
0.791774923
0.791767308
0.791760231
0.791747923
0.791747462
0.791740846
0.791739538
0.791736769
0.791733846
0.791732923
0.791730692
0.791711077
0.791697615
0.791696615
0.791689231
0.791685308
0.791671846
0.791647308
0.791645692
0.791641923
0.791633769
0.791627385
0.791623077
0.791621538
0.791608462
0.791586154
0.791568385
0.791552077
0.791532154
0.791523154
0.791518615
0.791515231
0.791513462
0.791499231
0.791491846
0.791488462
0.791482769
0.791470769
0.791452308
0.791451769
0.791448462
0.791442154
0.791438154
0.791426769
0.791424692
0.791415077
0.791401846
0.791386385
0.791381077
0.791380462
0.791375692
0.791363923
0.791360615
0.791336
0.791322154
0.791317308
0.791315769
0.791312154
0.791288308
0.791287308
0.791274615
0.791274
0.791269
0.791249385
0.791215154
0.791211923
0.791205231
0.791167923
0.791167692
0.791167692
0.791160308
0.791125846
0.791118769
0.791112462
0.791108154
0.791102
0.791102
0.791097154
0.791084846
0.791075385
0.791063077
0.791055692
0.791052615
0.791036385
0.791021615
0.791019385
0.791017923
0.791001077
0.790990923
0.790987923
0.790982462
0.790975308
0.790952077
0.790935692
0.790935231
0.790924308
0.790917692
0.790900462
0.790897462
0.790895077
0.790873385
0.790837923
0.790824154
0.790813077
0.790796538
0.790796154
0.790795846
0.790794923
0.790775462
0.790770385
0.790768692
0.790745308
0.790740615
0.790718154
0.790716154
0.790708615
0.790705308
0.790695615
0.790683923
0.790680385
0.790678923
0.790668385
0.790657
0.790648385
0.790635923
0.790616385
0.790614077
0.790603308
0.790592462
0.790590692
0.790526154
0.790525
0.790522154
0.790514
0.790510308
0.790502923
0.790495308
0.790476615
0.790471769
0.790461308
0.790444077
0.790434538
0.790402923
0.790395077
0.790395
0.790388692
0.790380077
0.790378923
0.790377462
0.790367308
0.790356769
0.790353308
0.790346846
0.790320154
0.790297231
0.790296615
0.790289385
0.790282231
0.790274846
0.790274385
0.790272692
0.790270769
0.790267923
0.790266231
0.790265462
0.790244923
0.790244077
0.790219846
0.790217
0.790208615
0.790175462
0.790170308
0.790145462
0.790142385
0.790121077
0.790110154
0.790109154
0.790095077
0.790094615
0.790093231
0.790090538
0.790078923
0.790072231
0.790061462
0.790053769
0.790049923
0.790025077
0.790015385
0.789993923
0.789991769
0.789991
0.789983923
0.789974308
0.789963
0.789949308
0.789946154
0.789943462
0.789933846
0.789923231
0.789906615
0.789900308
0.789889077
0.789883077
0.789874462
0.789810769
0.789781692
0.789766846
0.78976
0.789742615
0.789732385
0.789722077
0.789720385
0.789719923
0.789716769
0.789712231
0.789711308
0.789703308
0.789701077
0.789686692
0.789681538
0.789681231
0.789678769
0.789678462
0.789664
0.789657308
0.789641769
0.789637462
0.789626154
0.789613231
0.789612231
0.789601615
0.789592077
0.789590615
0.789587769
0.789585
0.789574308
0.789568692
0.789537077
0.789531538
0.789528
0.789518615
0.789517538
0.789517
0.789501
0.789498077
0.789494
0.789472231
0.789459923
0.789445154
0.789443538
0.789429231
0.789379462
0.789375923
0.789358308
0.789358077
0.789357538
0.789341231
0.789335385
0.789330769
0.789327
0.789324385
0.789323154
0.789317462
0.789311692
0.789307385
0.789295077
0.789246538
0.789246154
0.789242462
0.789234846
0.789222538
0.789211769
0.789211385
0.789211154
0.789204615
0.789164769
0.789161462
0.789151538
0.789149
0.789125385
0.789113692
0.789101692
0.789100462
0.789089385
0.789069692
0.789066769
0.789042692
0.789028154
0.789015462
0.789010615
0.789008462
0.789004462
0.789000769
0.788998154
0.788994923
0.788988538
0.788983385
0.788972077
0.788963462
0.788956769
0.788951231
0.788947077
0.788937385
0.788935231
0.788934692
0.788922385
0.788921846
0.788914615
0.788913154
0.788911923
0.788908923
0.788906692
0.788895538
0.788883692
0.788877846
0.788875077
0.788874077
0.788853692
0.788844154
0.788834923
0.788833692
0.788828615
0.788824923
0.788808846
0.788798462
0.788796077
0.788791154
0.788789154
0.788754615
0.788745154
0.788740769
0.788734769
0.788731538
0.788722385
0.788721385
0.788716846
0.788714077
0.788709923
0.788704538
0.788676846
0.788666923
0.788663692
0.788663462
0.788660308
0.788658462
0.788656538
0.788613615
0.788605
0.788594769
0.788583923
0.788569692
0.788568
0.788562846
0.788545615
0.788543615
0.788512615
0.788497923
0.788483
0.788463538
0.788436462
0.788418846
0.788413923
0.788412154
0.788394462
0.788389077
0.788352769
0.788345231
0.788343615
0.788332846
0.788326923
0.788323385
0.788315385
0.788305615
0.788299308
0.788268769
0.788262154
0.788257462
0.788220769
0.788213538
0.78821
0.788190538
0.788188231
0.788170462
0.788142846
0.788142846
0.788141462
0.788141231
0.788134462
0.788131846
0.788128077
0.788123
0.788118231
0.788069769
0.788043846
0.788041846
0.78804
0.788021538
0.788006385
0.788000538
0.787995692
0.787988231
0.787983769
0.787982462
0.787973769
0.787962308
0.787954846
0.787950692
0.787950538
0.787947154
0.787928923
0.787927462
0.787922385
0.787919462
0.787915077
0.787913692
0.787912692
0.787905385
0.787891154
0.787890769
0.787881077
0.787864
0.787860769
0.787852846
0.787830154
0.787828692
0.787816231
0.787807769
0.787806538
0.787803231
0.787791846
0.787791846
0.787785231
0.787783308
0.787769615
0.787764692
0.787764385
0.787743846
0.787741308
0.787736923
0.787705923
0.787702
0.787691923
0.787685538
0.787673923
0.78767
0.787662923
0.787660692
0.787657462
0.787656231
0.787654769
0.787649462
0.787625846
0.787625769
0.787611077
0.787599615
0.787574154
0.787568538
0.787563385
0.787553077
0.787503
0.787498692
0.787494538
0.787490154
0.787458308
0.787450923
0.787438923
0.787429923
0.787426308
0.787421615
0.787414308
0.787412846
0.787409385
0.787384308
0.787382231
0.787372385
0.787356231
0.787352385
0.787348692
0.787338385
0.787329308
0.787317462
0.787313231
0.787299154
0.787298462
0.787293846
0.787293692
0.787293077
0.787290231
0.787289769
0.787282308
0.787275692
0.787269538
0.787269231
0.787263846
0.787262077
0.787254462
0.787231385
0.787221538
0.787216077
0.787197615
0.787196154
0.787190231
0.787179923
0.787171231
0.787157385
0.787127769
0.787117077
0.787109615
0.787100231
0.787099385
0.787098923
0.787083769
0.787058
0.787038769
0.787019538
0.787013462
0.786996154
0.786958077
0.786949308
0.786940692
0.786937462
0.786927462
0.786926
0.786925462
0.786925154
0.786917923
0.786910692
0.786901692
0.786899846
0.786885846
0.786882308
0.786877385
0.786869462
0.786869
0.786865692
0.786854615
0.786845538
0.786845538
0.786813462
0.786811077
0.786810538
0.786809
0.786806308
0.786794
0.786750231
0.786748538
0.786745923
0.786736385
0.78673
0.786716154
0.786700615
0.786687846
0.786685308
0.786681231
0.786663692
0.786661154
0.786656385
0.786652077
0.786646385
0.786641231
0.786634154
0.786609846
0.786597615
0.786545
0.786542231
0.786532615
0.786525231
0.786520538
0.786498615
0.786495769
0.786475231
0.786453231
0.786451308
0.786410769
0.786395692
0.786372462
0.786364692
0.786363231
0.786344462
0.786330462
0.786326462
0.786309
0.786306308
0.786296846
0.786295769
0.786269846
0.786257692
0.786244846
0.786240077
0.786232615
0.786230385
0.786221769
0.786221385
0.786218769
0.786214538
0.786205692
0.786198846
0.786193769
0.786191538
0.786190769
0.786187692
0.786183
0.786167231
0.786152769
0.786146231
0.786132692
0.786130615
0.786123154
0.786120154
0.786106615
0.786092846
0.786090231
0.786069615
0.786046769
0.786041308
0.786035231
0.786017538
0.785999692
0.785984462
0.785983
0.785972923
0.785928615
0.785928308
0.785924615
0.785883846
0.785868538
0.785867154
0.785861769
0.785857615
0.785855
0.785843846
0.785842923
0.785828769
0.785820462
0.785819923
0.785812538
0.785808385
0.785801923
0.785801615
0.785801231
0.785800846
0.785776385
0.785758692
0.785746462
0.785727077
0.785722077
0.785718
0.785716385
0.785713308
0.785711077
0.785696308
0.785691923
0.785659846
0.785656769
0.785652154
0.785636462
0.785633385
0.785628154
0.785619846
0.785619692
0.785617154
0.785574692
0.785568615
0.785557923
0.785543923
0.785541923
0.785530231
0.785511462
0.785510538
0.785498
0.785491846
0.785480769
0.785465154
0.785456462
0.785445769
0.785427615
0.785417154
0.785398308
0.785384308
0.785372538
0.785372538
0.785358231
0.785356923
0.785318692
0.785282154
0.785255154
0.785249846
0.785248462
0.785237
0.785218923
0.785202923
0.785188154
0.785186154
0.785177846
0.785158077
0.785153385
0.785149308
0.785147846
0.785135462
0.785128923
0.785120385
0.785103769
0.785084231
0.785068154
0.785060769
0.785059385
0.785055154
0.785052769
0.785048462
0.785024692
0.785016462
0.785014462
0.784990538
0.784982154
0.784961
0.784946154
0.784937615
0.784929923
0.784922077
0.784912846
0.784866231
0.784863692
0.784838385
0.784837769
0.784830615
0.784815615
0.784811538
0.784808923
0.784783692
0.784777
0.784767308
0.784762846
0.784750538
0.784749769
0.78469
0.78469
0.784684308
0.784596308
0.784588231
0.784575769
0.784522
0.784497385
0.784491231
0.784475538
0.784470385
0.784467385
0.784465615
0.784457538
0.784440154
0.784439231
0.784434615
0.784434385
0.784418
0.784414538
0.784399769
0.784396308
0.784395462
0.784391692
0.784370769
0.784369308
0.784362462
0.784346231
0.784345308
0.784342077
0.784341538
0.784334154
0.784324615
0.784288923
0.784287077
0.784267154
0.784260231
0.784256077
0.784254231
0.784237846
0.784230308
0.784217769
0.784216231
0.784207846
0.784204385
0.784184462
0.784174692
0.784172462
0.784163923
0.784163462
0.784160769
0.784155846
0.784149385
0.784136923
0.784126077
0.784125692
0.784117692
0.784111769
0.784111308
0.784105692
0.784102846
0.784088308
0.784084077
0.784066923
0.784065846
0.784048846
0.784046769
0.784040154
0.784036077
0.784034462
0.784030077
0.784015538
0.784009231
0.784006385
0.783981923
0.783980615
0.783967154
0.783966923
0.783951308
0.783942846
0.783932923
0.783916692
0.783913308
0.783897077
0.783891538
0.783885615
0.783884308
0.783876769
0.783864615
0.783855923
0.783847231
0.783846769
0.783844615
0.783813615
0.783807154
0.783774692
0.783756769
0.783755308
0.783753923
0.783729538
0.783728538
0.783690462
0.783649077
0.783641154
0.783630692
0.783623308
0.783606462
0.783597231
0.783563846
0.783556615
0.783547615
0.783545231
0.783538154
0.783533385
0.783528154
0.783520538
0.783517846
0.78349
0.783479
0.783472231
0.783466538
0.783464462
0.783463077
0.783462308
0.783429231
0.783416154
0.783415692
0.783407231
0.783404692
0.783404231
0.783395923
0.783390846
0.783389615
0.783389462
0.783370538
0.783350385
0.783349231
0.783311846
0.783305
0.783296846
0.783288769
0.783267385
0.783263077
0.783251769
0.783243462
0.783243077
0.783234077
0.783229692
0.783221846
0.783214385
0.783194846
0.783193692
0.783188769
0.783178231
0.783173846
0.783168692
0.783164769
0.783161538
0.783158615
0.783156923
0.783148462
0.783148154
0.783146615
0.783146154
0.783144615
0.783119923
0.783116385
0.783115846
0.783114231
0.783099769
0.783098077
0.783097308
0.783083538
0.783071769
0.783070308
0.783069308
0.783068462
0.783067154
0.783062769
0.783062538
0.783050231
0.783034462
0.783032077
0.783026308
0.783000385
0.782994846
0.782993385
0.782988923
0.782972538
0.782970462
0.782965
0.782960923
0.782959385
0.782957846
0.782952846
0.782951385
0.782933154
0.782928154
0.782923846
0.782917538
0.782890615
0.782887462
0.782880615
0.782876923
0.782875615
0.782846385
0.782843308
0.782825923
0.782821846
0.782819615
0.782811923
0.782805846
0.782801154
0.782791769
0.782791462
0.782790538
0.782785385
0.782782538
0.782780308
0.782770615
0.782762154
0.782759
0.782726846
0.782702154
0.782680769
0.782676692
0.782674923
0.782665846
0.782655462
0.782639
0.782614692
0.782611308
0.782591385
0.782587923
0.782587077
0.782576692
0.782569385
0.782568692
0.782558769
0.782555231
0.782551154
0.782544923
0.782536385
0.782517769
0.782503077
0.782492923
0.782492077
0.782491
0.782459615
0.782445
0.782444077
0.782432385
0.782425462
0.782422077
0.782421769
0.782420769
0.782420769
0.782416846
0.782403
0.782394538
0.782392231
0.782380385
0.782379077
0.782378538
0.782364154
0.782357846
0.782351231
0.782341538
0.782340923
0.782314615
0.782307
0.782295923
0.782291462
0.782274615
0.782255154
0.782245846
0.782243462
0.782241308
0.782236231
0.782233846
0.782227846
0.782224385
0.782222308
0.782204231
0.782202462
0.782201
0.782196769
0.782172308
0.782170077
0.782160538
0.782147385
0.782137769
0.782135385
0.782128462
0.782122692
0.782118154
0.782109385
0.782100077
0.782094077
0.782067923
0.782057154
0.782054
0.782034385
0.782033538
0.782023692
0.782021385
0.782019077
0.782018231
0.782012
0.782010615
0.781995231
0.781986231
0.781981923
0.781967692
0.781943846
0.781927923
0.781919462
0.781916308
0.781907308
0.781897154
0.781873923
0.781872538
0.781869
0.781844692
0.781840462
0.781838615
0.781833462
0.781829462
0.781826923
0.781794615
0.781784615
0.781779769
0.781778769
0.781772077
0.781765923
0.781765385
0.781755615
0.781737923
0.781728692
0.781676308
0.781665769
0.781657538
0.781655385
0.781655154
0.781651923
0.781628692
0.781626462
0.781619231
0.781611769
0.781570385
0.781562615
0.78156
0.781557846
0.781516538
0.781512077
0.781505385
0.781504615
0.781492692
0.781480769
0.781464462
0.781432462
0.781415692
0.781405231
0.781400385
0.781392692
0.781388923
0.781387692
0.781380923
0.781380692
0.781369308
0.781363846
0.781333077
0.781326769
0.781321769
0.781300923
0.781297385
0.781290538
0.781276231
0.781271385
0.781263769
0.781261308
0.781258462
0.781251
0.781249692
0.781248846
0.781243769
0.781235154
0.781230077
0.781224385
0.781219
0.781217462
0.781215077
0.781192615
0.781185
0.781176846
0.781175231
0.781173538
0.781170462
0.781157462
0.781155462
0.781151154
0.781141615
0.781117154
0.781109692
0.781106923
0.781096
0.781092308
0.781082154
0.781078923
0.781062462
0.781060538
0.781052769
0.781050462
0.781035385
0.781033385
0.781030692
0.781009769
0.781003538
0.780996538
0.780995
0.780953231
0.780946154
0.780944846
0.780939615
0.780933385
0.780931462
0.780920769
0.780919231
0.780867077
0.780861769
0.780857154
0.780837462
0.780835154
0.780829769
0.780813154
0.780807538
0.780801385
0.780781692
0.780767385
0.780761
0.780758154
0.780729231
0.780722308
0.780712923
0.780692385
0.780686231
0.780679692
0.780675231
0.780657231
0.780653846
0.780641462
0.780619
0.780608846
0.780584923
0.780576769
0.780563231
0.780552231
0.780539154
0.780528154
0.780518462
0.780492
0.780486615
0.780478077
0.780468231
0.780467692
0.780464077
0.780458692
0.780458538
0.780447385
0.780446538
0.780443154
0.780438385
0.780415462
0.780414923
0.780411615
0.780405923
0.780403538
0.780392692
0.780383615
0.780354923
0.780350923
0.780333154
0.780330462
0.780286231
0.780280308
0.780277923
0.780270769
0.780260462
0.780254154
0.780249615
0.780239385
0.780233308
0.780222692
0.780197231
0.780196846
0.780195846
0.780181
0.780180846
0.780160462
0.780159385
0.780154077
0.780147615
0.780118
0.78011
0.780109077
0.780107615
0.780105846
0.780103769
0.780096769
0.780079
0.780058308
0.780055462
0.780045692
0.780044538
0.780043308
0.780041231
0.780040385
0.780031846
0.780027462
0.780004077
0.779985846
0.779966923
0.779966846
0.779966231
0.779954769
0.779953385
0.779940154
0.779938538
0.779926615
0.779914615
0.779911538
0.779907923
0.779899
0.779897615
0.779855615
0.779853077
0.779844923
0.779838308
0.779832692
0.779828538
0.779815154
0.779810769
0.779805846
0.779805385
0.779791538
0.779786231
0.779778154
0.779769615
0.779766154
0.779764385
0.779764077
0.779763077
0.779760154
0.779725692
0.779708385
0.779665692
0.779662462
0.779623231
0.779617
0.779613615
0.779610692
0.779597231
0.779583692
0.779580692
0.779564308
0.779551846
0.779549769
0.779546462
0.77954
0.779539769
0.779536385
0.779506615
0.779505769
0.779499615
0.779486538
0.779482308
0.779471692
0.779458
0.779453615
0.779451923
0.779435538
0.779410308
0.779395308
0.77939
0.779385231
0.779374308
0.779371462
0.779369923
0.779361077
0.779360769
0.779360154
0.779359077
0.779354769
0.779350923
0.779340154
0.779330846
0.779327462
0.779326077
0.779321462
0.779289538
0.779285385
0.779285154
0.779278308
0.779271846
0.779267462
0.779263769
0.779248846
0.779248462
0.779242
0.779236615
0.779209308
0.779208154
0.779195231
0.779189692
0.779188615
0.779187846
0.779184769
0.77916
0.779153077
0.779130308
0.779127923
0.779113846
0.779103385
0.779093692
0.779085769
0.779058462
0.779028462
0.779021
0.779013154
0.778999385
0.778985462
0.778925077
0.778916615
0.778906769
0.778891154
0.778882154
0.778881615
0.778857462
0.778853
0.778840615
0.778806231
0.778784615
0.778780077
0.778769
0.778766385
0.778745308
0.778742538
0.778695462
0.778672231
0.778643077
0.778632462
0.778618308
0.778613385
0.778599154
0.778581846
0.778577231
0.778574923
0.778568308
0.778562308
0.778551923
0.778524231
0.778523769
0.778521462
0.778517
0.778513154
0.778497692
0.778496923
0.778491077
0.778481385
0.778474692
0.778471692
0.778453615
0.778422
0.778421231
0.778413846
0.778400231
0.778391538
0.778353615
0.778348385
0.778341462
0.778335846
0.778325615
0.778318077
0.778314538
0.778313077
0.778310231
0.778301923
0.778295615
0.778280692
0.778277769
0.778266
0.778264692
0.778227
0.778146231
0.778141769
0.778137
0.778137
0.778124462
0.778121308
0.778079846
0.778065615
0.778062308
0.778044154
0.778043846
0.778043462
0.778032538
0.778029538
0.778027154
0.778026154
0.777999615
0.777994923
0.777990385
0.777979923
0.777977154
0.777975615
0.777974692
0.777965231
0.777946
0.777945154
0.777936077
0.777934
0.777914769
0.777913615
0.777903
0.777891231
0.777872231
0.777870692
0.777858923
0.777856308
0.777831154
0.777816769
0.777811385
0.777786615
0.777772769
0.777772077
0.777759308
0.777758385
0.777757923
0.777752923
0.777743692
0.777734923
0.777731154
0.777730231
0.777716615
0.777714308
0.777713308
0.777713
0.777702308
0.777701846
0.777673231
0.777670077
0.777664923
0.777646846
0.777642308
0.777633
0.777625692
0.777620923
0.777581077
0.777572
0.777559769
0.777542846
0.777525846
0.777522769
0.777509615
0.777503615
0.777495077
0.777472231
0.777471077
0.777469077
0.777463077
0.777449462
0.777440231
0.777436154
0.777435923
0.777402692
0.777392923
0.777384692
0.777383692
0.777382769
0.777377231
0.777351692
0.777341615
0.777334077
0.777315154
0.777302692
0.777281231
0.777277615
0.777246385
0.777241
0.777237231
0.777220615
0.777192462
0.777178538
0.777175308
0.777169
0.777151846
0.777140385
0.777140385
0.777131385
0.777117846
0.777109692
0.777097462
0.777096769
0.777074077
0.77707
0.777066692
0.777059538
0.777057923
0.777048615
0.777046769
0.777026385
0.777021308
0.777012846
0.777000462
0.776999231
0.776995846
0.776985846
0.776973308
0.776966077
0.776955231
0.776944
0.776937692
0.776930231
0.776896385
0.776885
0.776873538
0.776870769
0.776867385
0.776845308
0.776838
0.776823923
0.776791692
0.776790692
0.776783846
0.776782462
0.776763
0.776762615
0.776739923
0.776725769
0.776718769
0.776693462
0.776690769
0.776685308
0.776681154
0.776671538
0.776662615
0.776638308
0.776562385
0.776556692
0.776549308
0.776541308
0.776539308
0.776526769
0.776520692
0.776517231
0.77651
0.776501077
0.776496769
0.776494077
0.776491692
0.776487692
0.776482385
0.776467538
0.776466462
0.776461077
0.776447538
0.776446846
0.776431385
0.776429154
0.776420538
0.776419385
0.776418538
0.776418154
0.776415385
0.776414769
0.776404692
0.776400846
0.776399462
0.776392231
0.776372846
0.776361385
0.776356615
0.776350923
0.776344846
0.776330692
0.776312692
0.776302462
0.776294615
0.776273077
0.776266769
0.776250769
0.776247923
0.776240385
0.776228077
0.776216538
0.776214231
0.776211385
0.776210231
0.776196077
0.776181615
0.776161308
0.776142231
0.776139077
0.776137769
0.776125538
0.776121769
0.77612
0.776116538
0.776049154
0.776013615
0.776012231
0.776008615
0.776000692
0.775983769
0.775967846
0.775943538
0.775932
0.775924462
0.775921615
0.775917154
0.775910154
0.775879692
0.775879385
0.775862
0.775851846
0.775850923
0.775848538
0.775843385
0.775831923
0.775828692
0.775825692
0.775811462
0.775799692
0.775779692
0.775774462
0.775771692
0.775767385
0.775765154
0.775762154
0.775759308
0.775746846
0.775740615
0.77574
0.775739769
0.775736462
0.775713538
0.775660077
0.775659923
0.775639462
0.775630385
0.775615538
0.775609923
0.775605154
0.775602615
0.775599923
0.775593154
0.775592308
0.775590154
0.775586615
0.775573077
0.77555
0.775526692
0.775524462
0.775520231
0.775502385
0.775499154
0.775499077
0.775488923
0.775481462
0.775481462
0.775478538
0.775477231
0.775476231
0.775474923
0.775453769
0.775451846
0.775444308
0.775442769
0.775437692
0.775434692
0.775429231
0.775425692
0.775425
0.775424231
0.775409846
0.775407385
0.775390615
0.775388
0.775385
0.775380615
0.775378154
0.775344538
0.775343308
0.775340923
0.775338769
0.775337615
0.775325385
0.775323308
0.775316692
0.775315769
0.775291385
0.775270769
0.775257538
0.775240308
0.775216
0.775214154
0.775211692
0.775206615
0.775200615
0.775189846
0.775189846
0.775176154
0.775173923
0.775163
0.775161
0.775157308
0.775150231
0.775139231
0.775134231
0.775079615
0.775071
0.775053077
0.775047846
0.775046231
0.775037538
0.775020462
0.775018385
0.775016692
0.775007077
0.774997
0.774985077
0.774982077
0.774951538
0.774934615
0.774922308
0.774908923
0.774893231
0.774877615
0.774846231
0.774837
0.774835077
0.774833231
0.774826462
0.774815154
0.774804154
0.774778308
0.774771692
0.774738692
0.774722308
0.774720615
0.774697308
0.774693231
0.774687154
0.774684846
0.774657077
0.774651769
0.774650077
0.774617077
0.774598692
0.774578077
0.77456
0.774558846
0.774557077
0.774554538
0.774536462
0.774528154
0.774521846
0.774498154
0.774495769
0.774489769
0.774482692
0.774474692
0.774473308
0.774472923
0.774464692
0.774445231
0.774412615
0.774410308
0.77441
0.774409385
0.774406538
0.774391769
0.774387692
0.774382846
0.774376769
0.774318154
0.774305615
0.774294154
0.774268769
0.774256231
0.774255538
0.774250154
0.774245462
0.774238231
0.774229692
0.774229615
0.774226846
0.774223692
0.774216923
0.774144
0.774128
0.774118077
0.774093462
0.774091
0.774088846
0.774081385
0.774075615
0.774066615
0.774056615
0.774042308
0.774025769
0.774013846
0.774010538
0.774009385
0.773999538
0.773984308
0.773946308
0.773926923
0.773914154
0.773897615
0.773894308
0.773886846
0.773860846
0.773853538
0.773852
0.773847385
0.773833385
0.773830846
0.773820538
0.77382
0.773802692
0.773788769
0.77375
0.773737308
0.773736692
0.773719
0.773702846
0.773699923
0.773664
0.773659923
0.773659231
0.773656538
0.773654692
0.773646462
0.773613538
0.773606846
0.773604615
0.773566077
0.773517
0.773515231
0.773515231
0.773513692
0.773505231
0.773502692
0.773501769
0.773488
0.773456615
0.773450538
0.773443462
0.773437538
0.773435
0.773434923
0.773431923
0.773429769
0.773429692
0.773427308
0.773423615
0.773419077
0.773417385
0.773405385
0.773404615
0.773403923
0.773400923
0.773399769
0.773395692
0.773383692
0.773381308
0.773373385
0.773368692
0.773357077
0.773353385
0.773348615
0.773332231
0.773331769
0.773319385
0.773310923
0.773293154
0.773290769
0.773286462
0.773281385
0.773249615
0.773245923
0.773245077
0.773241538
0.773223846
0.773183077
0.773139615
0.773126231
0.773124385
0.773121692
0.773119308
0.773118846
0.773115
0.773104154
0.773097615
0.773094769
0.773090308
0.773079385
0.773037615
0.773036846
0.773029692
0.773019538
0.773011231
0.773007308
0.772979538
0.772978769
0.772976769
0.772975846
0.772974769
0.772973462
0.772973077
0.772972846
0.772953154
0.772940077
0.772909077
0.772903615
0.772899
0.772896538
0.772888308
0.772881615
0.772877692
0.772874923
0.772871077
0.772870538
0.772866538
0.772862615
0.772860769
0.772848385
0.772833154
0.772831462
0.772807308
0.772795385
0.772785692
0.772779615
0.772779231
0.772772692
0.772763615
0.772761
0.772760077
0.772759846
0.772755769
0.772751692
0.772749
0.772748692
0.772743385
0.772734692
0.772729846
0.772725923
0.772720692
0.772720308
0.772707538
0.772707385
0.772692615
0.772662231
0.772656769
0.772617385
0.772616615
0.772605
0.772579231
0.772558231
0.772547385
0.772515692
0.772513538
0.772513462
0.772502385
0.772494692
0.772493615
0.772492692
0.772491538
0.772491538
0.772489462
0.772458615
0.772454077
0.772447385
0.772429462
0.772426692
0.772422462
0.772420769
0.772384923
0.772358154
0.772357462
0.772353077
0.772348385
0.772339923
0.772335231
0.772334923
0.772285077
0.772275462
0.772273615
0.772273538
0.772264923
0.772242923
0.772240462
0.772233385
0.772223
0.772222769
0.772217231
0.772214231
0.772203769
0.772203538
0.772193769
0.772168308
0.772165538
0.772163154
0.772161385
0.772150231
0.77215
0.772145385
0.772137385
0.772057154
0.772036231
0.772035154
0.772031692
0.772027077
0.771989538
0.771989231
0.771984231
0.771983308
0.771981692
0.771975692
0.771972615
0.771968769
0.771966692
0.771964615
0.771961462
0.771960231
0.771953615
0.771926308
0.771917692
0.771894692
0.771893154
0.771888308
0.771864385
0.771862846
0.771856462
0.771855846
0.771847077
0.77184
0.771822385
0.771796615
0.771792385
0.771775769
0.771770692
0.771768846
0.771755692
0.771745462
0.77173
0.771728692
0.771725923
0.771692231
0.771688692
0.771684538
0.771662692
0.771637077
0.771625692
0.771620077
0.771604538
0.771588615
0.771567846
0.771561154
0.771560385
0.771545538
0.771531769
0.771526615
0.771521154
0.771505385
0.771502154
0.771484538
0.771483846
0.771461
0.771456077
0.771437769
0.771434923
0.771399846
0.771398154
0.771379077
0.771366615
0.771360385
0.771338462
0.771334615
0.771330692
0.771328769
0.771315538
0.771315308
0.771314385
0.771308615
0.771303692
0.771300462
0.771254308
0.771252385
0.771248769
0.771241923
0.771227154
0.771223385
0.771218385
0.771210385
0.771203692
0.771199769
0.771198462
0.771194385
0.771185923
0.771185615
0.771178769
0.771173385
0.771147769
0.771143846
0.771136462
0.771115385
0.771096385
0.771095308
0.771084769
0.771063846
0.771058308
0.771056846
0.771052
0.771044846
0.771028923
0.771020231
0.771010538
0.770999385
0.770986615
0.770954692
0.770935615
0.770933692
0.770909692
0.770906692
0.770905462
0.770900769
0.770900692
0.770889462
0.770886462
0.770867308
0.770865846
0.770851077
0.770832462
0.770826231
0.770825077
0.770823923
0.770821077
0.770812462
0.770800846
0.770779538
0.770770385
0.770753846
0.770741615
0.770727615
0.770724154
0.770721231
0.770717
0.770705308
0.770704385
0.770699615
0.770697154
0.770696154
0.770692615
0.770689077
0.770685385
0.770678231
0.770670923
0.770665692
0.770664846
0.770636077
0.770610308
0.770597462
0.770596
0.770587154
0.770578462
0.770568077
0.770552231
0.770546077
0.770537692
0.770530692
0.770523923
0.770488462
0.770480077
0.770473
0.770446308
0.770415923
0.770408154
0.770407538
0.770406846
0.770396385
0.770389692
0.770377769
0.770367769
0.770357923
0.770351923
0.770349077
0.770345769
0.770330538
0.770322462
0.770317308
0.770305462
0.770292077
0.770284308
0.770259692
0.770247615
0.770243846
0.770242
0.770218308
0.770210769
0.770198385
0.770191615
0.770187385
0.770185
0.770180769
0.770166538
0.770160846
0.770140615
0.770138692
0.770138231
0.770129846
0.770125538
0.770102308
0.770096077
0.770094769
0.770094
0.770084923
0.770074231
0.770051692
0.770035923
0.770035231
0.770030462
0.770019692
0.770015231
0.770014077
0.770003231
0.769989385
0.769982615
0.769979
0.769973385
0.769957923
0.769952077
0.769946
0.769945692
0.769932308
0.769918154
0.769917769
0.769913769
0.769902615
0.769899846
0.769883615
0.769883615
0.769883308
0.769875615
0.769870923
0.769838615
0.769810615
0.769801692
0.769791154
0.769784462
0.769776
0.769742
0.769722538
0.769720154
0.769714692
0.769705846
0.769695769
0.76969
0.769677231
0.769676154
0.769665692
0.769660923
0.769647462
0.769645385
0.769614
0.769601692
0.769578385
0.769575
0.769574385
0.769559846
0.769557231
0.769541154
0.769539231
0.769529
0.769514462
0.769509077
0.769508154
0.769498385
0.769496769
0.769495615
0.769451846
0.769441923
0.769420846
0.769411769
0.769401769
0.769358769
0.769357615
0.769345923
0.769337154
0.769315077
0.769314154
0.769313846
0.769289231
0.769276308
0.769274615
0.769271462
0.769271308
0.769248462
0.769229669
0.769212308
0.769206231
0.769203769
0.769196
0.769188462
0.769186431
0.769184962
0.769180562
0.769175
0.769166123
0.769160892
0.769147415
0.769131508
0.769128462
0.769121508
0.769117
0.769107431
0.769102577
0.769102577
0.769096308
0.769083731
0.769081346
0.769063077
0.769057731
0.769054692
0.769054462
0.769049208
0.769042054
0.769027462
0.769027385
0.769021508
0.769011846
0.769001692
0.769000615
0.768986308
0.768976123
0.768971462
0.768971354
0.76895
0.768940038
0.768933431
0.768915692
0.768914077
0.768913923
0.768909
0.768877308
0.768871462
0.7688648
0.768844385
0.768841731
0.768814462
0.768790569
0.768781077
0.768719077
0.768716431
0.768702946
0.768702692
0.768692123
0.768687269
0.768685662
0.768676923
0.768657738
0.768640269
0.768626615
0.768625877
0.768625769
0.768623492
0.768614615
0.768612385
0.768606208
0.768599285
0.768587038
0.768572415
0.768571723
0.768554077
0.768548
0.768543462
0.768541923
0.768537662
0.768533769
0.768530962
0.768514308
0.768496692
0.768485208
0.768466823
0.768462846
0.768450538
0.768440962
0.768419462
0.768411923
0.768410108
0.768406577
0.768395846
0.768395077
0.768394692
0.768385438
0.768381615
0.76838
0.768368338
0.768352977
0.768341538
0.768322154
0.768321892
0.768296492
0.768277508
0.768265492
0.768244269
0.768240154
0.768225923
0.768203646
0.768186769
0.768185308
0.768164538
0.768148485
0.768147538
0.768143846
0.7681412
0.768134154
0.768131385
0.768114923
0.768100892
0.768100231
0.768098692
0.768091354
0.768082508
0.768081538
0.768080923
0.768071923
0.768050538
0.76804
0.768032577
0.768025769
0.768008508
0.767999538
0.767992846
0.767987508
0.767966385
0.767966
0.767963346
0.767958462
0.767956423
0.767944154
0.767940192
0.767937154
0.767918615
0.767909331
0.767894431
0.767884
0.767852346
0.767848354
0.767837154
0.767826769
0.767818692
0.767808415
0.767808054
0.767798885
0.767789577
0.767787508
0.767782654
0.767777654
0.767775954
0.767760415
0.767752692
0.767751538
0.767749962
0.767727846
0.767723846
0.767713385
0.767705254
0.767694023
0.767681923
0.767676846
0.767676462
0.767669723
0.767654231
0.767651538
0.767647485
0.767635
0.767622615
0.767608077
0.767596731
0.767587885
0.767585692
0.767582885
0.767578692
0.767570231
0.767569385
0.767563946
0.767560054
0.767509692
0.767487846
0.767486769
0.767467892
0.767442692
0.767435231
0.767420154
0.767411769
0.767408
0.767352769
0.767338869
0.767334885
0.767317385
0.767315692
0.767303
0.767296308
0.767275923
0.767228077
0.767212231
0.767188669
0.767171338
0.767171338
0.767170738
0.767130615
0.767127
0.767114808
0.767113
0.767109846
0.767091846
0.767091308
0.767074231
0.767063923
0.767059738
0.767058923
0.767044231
0.767030846
0.767028885
0.766996969
0.766989154
0.766988538
0.766977254
0.766974869
0.766965385
0.766962692
0.766890969
0.766881792
0.766881431
0.766878846
0.766870562
0.766856385
0.766852815
0.766843846
0.766834462
0.7668265
0.766806769
0.766799492
0.766789846
0.766779923
0.766778615
0.766773362
0.766764738
0.766763154
0.766761715
0.766759077
0.766756846
0.766750154
0.766745346
0.766737154
0.766709954
0.766673731
0.766662769
0.766635846
0.766627423
0.766621385
0.766604815
0.766582615
0.766582
0.766575569
0.766567154
0.766562923
0.766545154
0.766543746
0.766537738
0.766534
0.766522423
0.766521969
0.766515769
0.766508031
0.766498385
0.766493462
0.766493077
0.766479415
0.766474192
0.766461231
0.766456
0.766452615
0.766443692
0.766434485
0.766427562
0.766423538
0.766406077
0.766384308
0.766358769
0.7663542
0.766349892
0.766345462
0.766341769
0.766313231
0.766303354
0.766293385
0.766281669
0.766278385
0.766276154
0.766261692
0.766240954
0.766237077
0.766233538
0.766233115
0.766218462
0.766212769
0.766209462
0.766183077
0.766169338
0.766161308
0.766157077
0.766156962
0.766156962
0.766133115
0.766123538
0.766116769
0.766112115
0.766094385
0.766088462
0.766085538
0.766080077
0.766063154
0.766043338
0.766041277
0.7660289
0.766019308
0.766007485
0.766006569
0.766003269
0.766003038
0.766002385
0.765988077
0.765987723
0.765954669
0.765953892
0.765945923
0.765933538
0.765922
0.765917231
0.765911077
0.765911
0.765889423
0.765888692
0.765885308
0.765882731
0.765874615
0.765866538
0.765853538
0.765848569
0.765833485
0.765812
0.765794385
0.765788538
0.765766692
0.765755615
0.765739954
0.765724277
0.765717577
0.765712031
0.765709538
0.765673846
0.765660131
0.765644362
0.765640692
0.765632154
0.765586846
0.765584538
0.765570954
0.765570585
0.765559154
0.7655588
0.765548
0.765534615
0.76552
0.765502923
0.765490715
0.765489431
0.765486362
0.765473462
0.7654732
0.765470462
0.765468615
0.765467769
0.765466462
0.765454769
0.765452462
0.765450185
0.765445046
0.765428038
0.765417462
0.765386731
0.765372746
0.765363769
0.765346154
0.765345054
0.765290262
0.765285923
0.765284538
0.765280038
0.765275538
0.765249308
0.765243077
0.765235077
0.7652335
0.765230846
0.765214923
0.765212954
0.765180538
0.765166308
0.7651595
0.765157338
0.765156615
0.765142485
0.765142123
0.765139769
0.765123923
0.765111538
0.765110669
0.7651092
0.765078208
0.765066877
0.765064846
0.765042
0.765039538
0.765035654
0.765031669
0.765021846
0.765021354
0.765016262
0.765008746
0.765004208
0.764999615
0.764982692
0.764943077
0.764923877
0.764911038
0.764907277
0.764891769
0.764879031
0.764874354
0.764852538
0.764849046
0.764848308
0.764846
0.764839192
0.764839054
0.764836538
0.764822769
0.764808423
0.764804692
0.764798615
0.764791462
0.764783923
0.764760462
0.764758385
0.764752538
0.764752077
0.764750615
0.764748769
0.764747946
0.764735662
0.764733877
0.764726954
0.764708562
0.764700585
0.764688308
0.764675308
0.764660231
0.764639923
0.7646308
0.764579269
0.764570054
0.764545431
0.764538692
0.764518923
0.764501877
0.764500231
0.764499077
0.764493669
0.764492538
0.764483462
0.764481615
0.764472115
0.764466538
0.764452923
0.764448538
0.764447231
0.764438231
0.764421731
0.764410154
0.764408115
0.764394462
0.764375192
0.764364154
0.764362769
0.764348923
0.764345385
0.764332277
0.764326177
0.764295846
0.764293485
0.764275308
0.764270769
0.764260846
0.764258415
0.764254846
0.764247385
0.764247077
0.764217769
0.7642138
0.764211969
0.764190738
0.764174692
0.764165692
0.764158962
0.764154746
0.764140462
0.764139308
0.764136154
0.764133692
0.764113438
0.764103462
0.764076231
0.764073308
0.7640641
0.764059385
0.764032969
0.764014923
0.764014769
0.763991338
0.763986569
0.763951231
0.763946954
0.763928385
0.763923662
0.763923462
0.763918077
0.763901977
0.763887308
0.763883823
0.763868462
0.763868308
0.763863154
0.763861538
0.763857846
0.763856723
0.763855808
0.763843077
0.763833692
0.763830308
0.763814769
0.763811385
0.763804462
0.763788269
0.763781846
0.763776
0.763745923
0.763731769
0.763721969
0.763713077
0.763713031
0.763712431
0.763701885
0.763680538
0.763675615
0.763653769
0.763648538
0.763635815
0.763632538
0.763628154
0.763621923
0.763612308
0.763611108
0.763600654
0.763590846
0.763584154
0.763583415
0.763568969
0.763531154
0.763523031
0.763520615
0.763497923
0.763491077
0.763483277
0.763479423
0.7634648
0.763435308
0.763427231
0.763421108
0.763420154
0.763414154
0.763384746
0.763370692
0.763370692
0.763354615
0.763348662
0.763332615
0.763331923
0.763324954
0.763323354
0.763297538
0.763292131
0.763270262
0.763237385
0.763235923
0.763231308
0.763224308
0.763217308
0.763210308
0.763209308
0.763207354
0.763182692
0.763177615
0.763160354
0.763150154
0.7631488
0.763136654
0.763129692
0.76311
0.763104877
0.763104769
0.763084385
0.763072154
0.763066
0.763060462
0.763050308
0.763029962
0.763023615
0.763016462
0.76301
0.763005662
0.762984538
0.762975
0.762967969
0.762955538
0.762923038
0.762906715
0.762904423
0.762886538
0.762885354
0.762861415
0.7628511
0.762831385
0.762826154
0.762821154
0.762819231
0.762801769
0.762798231
0.762763208
0.762762154
0.762740423
0.7627395
0.762735154
0.762722154
0.762717077
0.762708646
0.762705462
0.762697154
0.762665046
0.762661923
0.762646462
0.762639692
0.762627923
0.762614977
0.762611123
0.762603231
0.762559
0.762545308
0.762544538
0.762497969
0.762497231
0.762480592
0.762479923
0.762467692
0.762464462
0.762459308
0.762456154
0.762453923
0.762429077
0.762401385
0.762389615
0.7623545
0.762344
0.762343462
0.762341923
0.762339538
0.762337
0.762329077
0.762324692
0.762322269
0.762313423
0.762297
0.762296385
0.762283615
0.762277569
0.762254231
0.762247385
0.762244154
0.762238692
0.762236385
0.762199231
0.762167208
0.762160154
0.762148385
0.762105354
0.762102462
0.762096185
0.762087769
0.762087385
0.762079
0.762077308
0.762074615
0.762072438
0.762068723
0.762057123
0.762055562
0.762046115
0.762042923
0.762040692
0.762023969
0.762022154
0.762016038
0.762006077
0.761990077
0.761981692
0.761965923
0.761958231
0.761948869
0.761935662
0.761930308
0.761926538
0.761906869
0.761882385
0.761881562
0.761844746
0.761834538
0.761827231
0.761826308
0.761821177
0.761814
0.761802692
0.761777769
0.761771
0.761765
0.761755338
0.761753846
0.761739885
0.761723154
0.761720462
0.761715231
0.761714769
0.761711231
0.761672154
0.761662031
0.76166
0.761647177
0.761641354
0.761638538
0.761630923
0.761630031
0.7616265
0.7616265
0.761585308
0.761578131
0.761577031
0.761570654
0.761532077
0.761498577
0.761496
0.761479646
0.761475
0.7614619
0.761453385
0.761451769
0.761439615
0.761407662
0.761403077
0.761365431
0.761362
0.761361
0.761359462
0.761349846
0.761341592
0.761339462
0.7613332
0.761322308
0.761317385
0.761297115
0.761270338
0.761237423
0.761223846
0.761216769
0.761215962
0.761203385
0.761195285
0.761194046
0.761178869
0.761154569
0.761140954
0.761140585
0.761133569
0.761083046
0.761073508
0.761064154
0.761059923
0.761058231
0.761048769
0.761042538
0.761038
0.761017615
0.761008031
0.761004869
0.761002808
0.760991154
0.760987031
0.760972538
0.760966846
0.760951154
0.760947769
0.760936538
0.760931077
0.760899538
0.760819731
0.760790538
0.7607891
0.760785923
0.760783738
0.760766231
0.760741615
0.760738892
0.760725277
0.760722231
0.760716538
0.760703846
0.760701692
0.760696692
0.760693846
0.760692362
0.760692131
0.760659385
0.760648115
0.760636969
0.760634492
0.760630769
0.760624769
0.760613615
0.760611077
0.760607692
0.760605
0.760601231
0.760586308
0.76058
0.760545385
0.760519692
0.760467423
0.760455615
0.760441331
0.760438077
0.760435846
0.760424277
0.760417538
0.760409154
0.760406231
0.760360538
0.760330877
0.760318385
0.760316769
0.760301692
0.760297592
0.760287077
0.760282277
0.760270269
0.760260385
0.760260385
0.7602572
0.760256769
0.760237577
0.760236569
0.760233538
0.760225769
0.760190692
0.760190538
0.760182646
0.760169385
0.760134869
0.760134638
0.760131846
0.760129646
0.760126
0.760124877
0.760116077
0.760100923
0.760091
0.760089208
0.760088077
0.760072154
0.760061692
0.760060869
0.760051154
0.760046562
0.7600412
0.760033923
0.760026346
0.760025
0.760020892
0.760014977
0.760012362
0.760010208
0.759989308
0.759984846
0.759981508
0.759975723
0.759964385
0.759951385
0.759950692
0.759924285
0.759921538
0.759917723
0.759913077
0.759901077
0.759890538
0.759877077
0.759853946
0.759853308
0.759853308
0.759819846
0.759818154
0.759802923
0.759782746
0.759773115
0.759766615
0.759765615
0.759761746
0.759758923
0.759754077
0.759749385
0.759747769
0.759727077
0.759698654
0.759697615
0.759693077
0.759683462
0.759664362
0.759657577
0.759652254
0.759650654
0.7596418
0.759638154
0.759638154
0.759631077
0.759604538
0.759585846
0.759571769
0.759570615
0.759560646
0.759555154
0.759554538
0.759546662
0.759543154
0.759540338
0.759536346
0.7595341
0.759530154
0.759529231
0.759528692
0.759518538
0.759506308
0.759499115
0.759496308
0.759495615
0.759477154
0.759475615
0.759465385
0.759464769
0.759454846
0.759444231
0.759443846
0.759429538
0.759423692
0.759385415
0.759366338
0.759349538
0.759342154
0.759332308
0.759312877
0.759309254
0.759287385
0.759285869
0.759282338
0.759279462
0.759273354
0.759263038
0.759254923
0.7592425
0.759238054
0.759237269
0.759200692
0.759199615
0.759190508
0.759189538
0.759185923
0.759182615
0.759165462
0.759163038
0.759161346
0.759153308
0.759152585
0.759151615
0.759123792
0.759108538
0.759089385
0.7590768
0.759067692
0.759058923
0.759055431
0.759034108
0.759031538
0.759009808
0.759009492
0.758929892
0.7589171
0.758905077
0.758904954
0.758885385
0.758873
0.758855538
0.758841462
0.758831692
0.7588221
0.758820154
0.758819692
0.758814538
0.758807662
0.758792692
0.758747077
0.758739346
0.758738654
0.758709462
0.758706154
0.758702892
0.758685654
0.758659231
0.758637508
0.758635308
0.758631846
0.758616615
0.758594277
0.758592
0.758587492
0.758567923
0.758565615
0.758559615
0.758528431
0.758490462
0.758479923
0.758463923
0.758449892
0.758448977
0.758447508
0.758446408
0.758445462
0.758438154
0.758438
0.7584305
0.758418692
0.758376923
0.758368154
0.758362692
0.758357077
0.758354208
0.758344077
0.758333892
0.758332562
0.758331192
0.758316615
0.758316462
0.758316154
0.758305846
0.758303385
0.758292954
0.758286115
0.758278969
0.758249154
0.758248231
0.758240692
0.758234031
0.758225277
0.758174692
0.758161731
0.758133023
0.758124923
0.758124269
0.758112115
0.758108615
0.758095385
0.758081262
0.758070231
0.758047154
0.758045923
0.758040231
0.758027538
0.758018692
0.758007923
0.7579809
0.757978385
0.757973231
0.757947338
0.757944692
0.757944308
0.757940769
0.757905338
0.757887615
0.757883846
0.757877277
0.757874338
0.757863308
0.757859769
0.757857692
0.757857654
0.757852231
0.757829
0.757824385
0.757813538
0.757787692
0.757783538
0.757782077
0.757762769
0.757762331
0.757755592
0.757735308
0.757729385
0.757727462
0.757689769
0.757666277
0.7576461
0.757644462
0.757628385
0.757603738
0.757597046
0.757592046
0.757587077
0.757565362
0.757560823
0.757549769
0.757531892
0.757528131
0.757503692
0.757500692
0.757487923
0.757466054
0.757460231
0.757459769
0.757455869
0.757430423
0.757400577
0.757391823
0.757390715
0.757375308
0.757365077
0.757353462
0.757343354
0.757335654
0.757330423
0.757327815
0.757319423
0.757315769
0.757314769
0.757299231
0.757297185
0.757273231
0.757273208
0.757243131
0.757239462
0.757234308
0.757224462
0.757222923
0.757218462
0.757183569
0.757181077
0.757174538
0.757159269
0.757155877
0.757152438
0.757131308
0.757131154
0.757127815
0.757090723
0.757080269
0.757078846
0.757074077
0.757069462
0.757042462
0.75704
0.757031031
0.757017385
0.756998615
0.7569855
0.756975415
0.756965185
0.756964308
0.756955462
0.756941462
0.756918538
0.756916615
0.756900154
0.756897423
0.756881077
0.756852715
0.756840308
0.756837954
0.756833
0.756822692
0.756797077
0.756785638
0.756771769
0.7567568
0.756739769
0.7567358
0.756721923
0.756710031
0.756709385
0.756679538
0.756672615
0.756671538
0.756664308
0.756659154
0.756656308
0.756655338
0.756631385
0.756621177
0.756618308
0.756614615
0.756582462
0.756574692
0.756567262
0.756558408
0.756548846
0.756543615
0.756542692
0.756533462
0.756525123
0.756514254
0.756512969
0.756509385
0.756488385
0.756474692
0.756472615
0.756458538
0.756436615
0.756425815
0.756415231
0.756415
0.756396769
0.756395923
0.756389954
0.756385077
0.756380738
0.756375615
0.756369185
0.756354385
0.756346123
0.756341385
0.756337277
0.756325585
0.756319615
0.756220954
0.756200923
0.756192769
0.756186569
0.756179154
0.756176385
0.756167723
0.756164538
0.756162846
0.756148654
0.7561155
0.756109308
0.756088723
0.756085462
0.756075615
0.756072815
0.756072585
0.756068962
0.756024262
0.756004177
0.755992538
0.755952692
0.755947692
0.755939538
0.755929846
0.755915462
0.755903492
0.755889462
0.755876346
0.755874154
0.755872131
0.755842738
0.755839669
0.755837308
0.755832462
0.755828023
0.755824
0.755822769
0.755822662
0.755813077
0.755807
0.755803462
0.755740615
0.755730538
0.755718154
0.755709538
0.755707692
0.755700692
0.755693823
0.755683923
0.755665308
0.755652154
0.755633923
0.755626877
0.755624462
0.755608385
0.755595654
0.755573423
0.755572385
0.755569338
0.755566492
0.755565385
0.755564431
0.755553615
0.755542615
0.755516108
0.755489462
0.755475308
0.7554405
0.755440408
0.755438115
0.755437923
0.755430846
0.755415615
0.755396615
0.755373331
0.755358846
0.755345592
0.755341508
0.755339538
0.755336846
0.755335415
0.755334538
0.755333946
0.755331977
0.755326385
0.755326077
0.755323123
0.755318385
0.755304192
0.7553008
0.7553002
0.755295892
0.755287615
0.755281354
0.755276131
0.755269769
0.755243923
0.755241746
0.755209738
0.755203962
0.755201615
0.755188154
0.755161738
0.755161185
0.755149846
0.755146231
0.755144038
0.755140415
0.755109538
0.755099077
0.755089846
0.755075
0.755071962
0.755071
0.755041385
0.755038231
0.755033354
0.755025654
0.755025462
0.754962654
0.754951285
0.754945
0.754936385
0.754935646
0.754933077
0.754924846
0.754907308
0.754884023
0.754854815
0.754851077
0.754831462
0.754831115
0.754818638
0.754806
0.754796923
0.754765846
0.754756923
0.754755046
0.754742462
0.754734923
0.754729308
0.754721462
0.754707923
0.754701769
0.754698462
0.754683308
0.754658031
0.7546451
0.754621031
0.754578769
0.754570154
0.754557846
0.754537308
0.754523877
0.754523154
0.754514338
0.754513054
0.754507923
0.754497308
0.754480962
0.754480385
0.754474262
0.754464308
0.754454846
0.754453615
0.754415462
0.754395538
0.754390231
0.754389946
0.754372431
0.754369385
0.754360769
0.754357692
0.754336031
0.754330662
0.754321815
0.754311154
0.754302385
0.754300538
0.754284723
0.754284615
0.754274038
0.754270385
0.754262846
0.754255846
0.754254738
0.754251154
0.754240154
0.754235
0.754226692
0.754211731
0.754152615
0.754132592
0.754126262
0.754122046
0.754121308
0.754107538
0.754093208
0.754076462
0.754066769
0.754062385
0.754039
0.754031615
0.754019231
0.754018769
0.754002331
0.7539955
0.753994462
0.753989308
0.753987769
0.753970154
0.753963231
0.753947692
0.753919231
0.753898
0.753896231
0.753879962
0.753868385
0.753860885
0.753857038
0.753854
0.753830923
0.753825385
0.753819577
0.753805385
0.753802077
0.753801154
0.7538005
0.753778846
0.753765654
0.753765431
0.753759192
0.753756692
0.753750431
0.753748415
0.7537458
0.753744154
0.753739846
0.753733308
0.753728923
0.753712769
0.753706077
0.753705638
0.7536972
0.753672946
0.753671231
0.753666115
0.753656923
0.753647408
0.753646769
0.753646077
0.753629577
0.753627846
0.753602846
0.753593846
0.753573154
0.753562462
0.753540231
0.753539846
0.753526508
0.753503808
0.753503308
0.753494462
0.753475462
0.753473046
0.753439892
0.753422615
0.753404154
0.753388131
0.753380231
0.753367
0.753339308
0.753327385
0.753304846
0.753299046
0.753298538
0.753298154
0.753277308
0.753266585
0.753254077
0.753229154
0.753195885
0.753187
0.753185885
0.753181538
0.753169769
0.753165892
0.753155154
0.753124308
0.753124308
0.753112538
0.753072538
0.753068877
0.753033077
0.753031877
0.753029538
0.753018846
0.753018
0.753015231
0.753001
0.753000462
0.752998538
0.752998077
0.752984923
0.752970769
0.752966269
0.752956408
0.752955031
0.752940592
0.752934154
0.752901615
0.752887385
0.752879385
0.752877269
0.752871954
0.752868769
0.752865615
0.752864431
0.752855154
0.752843662
0.752821231
0.752807538
0.752805385
0.752800769
0.752785154
0.752777692
0.752759438
0.752718815
0.752700108
0.752698185
0.752684431
0.752660846
0.752643346
0.752638154
0.752626462
0.752623462
0.752614308
0.752589923
0.752586038
0.752585808
0.7525842
0.752567077
0.7525422
0.752541423
0.752541077
0.752528954
0.752513462
0.752513269
0.752499977
0.752463338
0.7524572
0.752445615
0.752440077
0.752425746
0.752391385
0.752377192
0.752349923
0.752346562
0.752344154
0.752338123
0.752336231
0.752324077
0.752321462
0.752312269
0.752276046
0.752275131
0.752270723
0.752252231
0.752249462
0.752248
0.752241154
0.752235515
0.752230746
0.752222462
0.752208769
0.7521915
0.752166738
0.752164154
0.752152769
0.752148354
0.752125385
0.752101077
0.752098538
0.752084462
0.752075077
0.752067077
0.752063923
0.752060769
0.752059038
0.752052769
0.752044385
0.752043385
0.752036208
0.751989923
0.751986415
0.751983569
0.751983338
0.751973308
0.751954923
0.751936077
0.751929646
0.751922362
0.751921
0.751913692
0.7519125
0.751912185
0.751910308
0.751902415
0.751894254
0.751882462
0.751878615
0.751865277
0.751856
0.751840231
0.751834231
0.751821769
0.751814077
0.751801538
0.751783231
0.751778115
0.751777154
0.751757
0.751732815
0.751725662
0.751707508
0.751707
0.751702154
0.751665231
0.751663923
0.751652946
0.751649077
0.751647723
0.751636154
0.751630462
0.751607738
0.751565385
0.751563923
0.751554415
0.751528508
0.751506308
0.751493308
0.751483577
0.751483485
0.751465385
0.751462577
0.751453538
0.751450308
0.751425
0.751402654
0.751387923
0.751375692
0.751365692
0.751357723
0.751336308
0.751335462
0.751315538
0.751289154
0.751287923
0.751280538
0.751269738
0.751262538
0.751241154
0.751232277
0.751232185
0.751209846
0.751205923
0.751202431
0.751183462
0.751175769
0.751163177
0.751161808
0.751161346
0.751160231
0.751158308
0.751150769
0.751150231
0.751144231
0.751103254
0.751102
0.751093308
0.751092208
0.751090277
0.751082
0.751075308
0.751057585
0.751040346
0.751039923
0.751032308
0.750962038
0.750948846
0.750940231
0.750931385
0.750922231
0.750919077
0.750918308
0.750918208
0.750905846
0.750901692
0.750896792
0.750886
0.750882485
0.750878954
0.750853692
0.750851769
0.750843562
0.750839346
0.750827538
0.750810046
0.750807769
0.750794154
0.750794
0.750759385
0.750753846
0.750745385
0.750744846
0.7507432
0.750739462
0.750703
0.750686692
0.750679308
0.750676615
0.750657923
0.750650846
0.750615731
0.750612615
0.750603
0.750598846
0.750595846
0.750585231
0.750567408
0.750559769
0.750539462
0.750538385
0.750536185
0.750536046
0.750532308
0.750528538
0.750522692
0.750514538
0.750510508
0.750510277
0.750505423
0.750490692
0.750473615
0.750457231
0.750452462
0.750444154
0.750436415
0.750421923
0.750413815
0.750409962
0.750394054
0.750387692
0.750384538
0.750374431
0.750366769
0.750344808
0.750276031
0.750263423
0.750260492
0.750259462
0.750259023
0.750242385
0.750214046
0.750202846
0.750193308
0.750183231
0.7501775
0.7501759
0.750172962
0.750159023
0.750157308
0.7501505
0.750142231
0.750140462
0.750126977
0.750120154
0.750095462
0.750091231
0.750088692
0.750087462
0.750085308
0.750084769
0.750058769
0.750035308
0.750031692
0.750015423
0.749991946
0.749989077
0.749976615
0.749975308
0.749947846
0.749918385
0.749910654
0.749899923
0.749885031
0.749861846
0.7498605
0.749836154
0.749822577
0.749821846
0.749818408
0.749806846
0.749804769
0.749792769
0.749792638
0.749789462
0.749778462
0.749760823
0.749757923
0.749736792
0.749729508
0.749728846
0.749715385
0.749704615
0.749699769
0.749697638
0.749676615
0.749674923
0.7496749
0.749653923
0.749629738
0.749604923
0.749593746
0.749591
0.749582192
0.749580846
0.749555385
0.749466923
0.749458262
0.749457154
0.749456615
0.749445285
0.749441615
0.749429615
0.749422038
0.749416123
0.7494108
0.749398154
0.749396177
0.749332769
0.749310308
0.749309338
0.749308
0.749296538
0.749291231
0.749290615
0.749285
0.749275692
0.749265185
0.749263385
0.749244538
0.749243731
0.749219538
0.749206385
0.749203
0.749199115
0.749198385
0.749192692
0.74919
0.749188385
0.749172
0.749171385
0.749161308
0.749149769
0.749149046
0.749146385
0.749144154
0.749134423
0.749115538
0.749055692
0.749030115
0.749028
0.749009769
0.7490015
0.748980277
0.748962846
0.748960538
0.748959154
0.748944646
0.748931769
0.748926692
0.748920769
0.748911962
0.748910769
0.748908846
0.748891077
0.748879923
0.748879538
0.748877615
0.748862385
0.748845538
0.748835923
0.748835569
0.748789769
0.748786769
0.748785231
0.748774823
0.748754738
0.748746577
0.748737231
0.748730154
0.748698692
0.748696308
0.748696285
0.748674846
0.748667538
0.748642231
0.748638462
0.748630808
0.748624346
0.748623231
0.748610131
0.748599923
0.748588262
0.748584
0.748569846
0.748565692
0.748547592
0.748547077
0.748536
0.748531615
0.748521769
0.748518308
0.748511462
0.748498115
0.748493846
0.748488154
0.748487923
0.748481615
0.748480154
0.748468077
0.7484602
0.748460108
0.748445769
0.748445615
0.748406154
0.748394592
0.748370385
0.748357385
0.748348192
0.748345485
0.748338423
0.748316738
0.748296077
0.748295923
0.74827
0.748260846
0.748252538
0.748240692
0.748221769
0.748218077
0.748214031
0.748212569
0.748193385
0.748192385
0.748189962
0.748166538
0.748165208
0.7481592
0.748149538
0.748139077
0.748135077
0.748121692
0.748113154
0.74811
0.748090077
0.748076485
0.748053746
0.748046154
0.748037692
0.748036154
0.748029123
0.748022792
0.748016969
0.748016769
0.748007692
0.748003077
0.747982923
0.747969692
0.747967385
0.747959923
0.747955846
0.747946731
0.747917692
0.747873538
0.747835308
0.747832231
0.747825462
0.747825046
0.747806108
0.747792154
0.747789385
0.747771031
0.747766269
0.747765769
0.747759077
0.747758977
0.747754208
0.747727
0.747717769
0.747701769
0.747692492
0.747691077
0.747687769
0.747676492
0.747675023
0.747669154
0.747661538
0.747620615
0.747610385
0.747598
0.747597231
0.747596538
0.747594969
0.747570308
0.747569662
0.747569538
0.747560769
0.747560154
0.747559231
0.747553308
0.747526792
0.747526077
0.747510538
0.747509877
0.7474925
0.747481123
0.747427308
0.747408177
0.747399923
0.747346846
0.747338577
0.747336846
0.747333692
0.747326885
0.747308046
0.7472991
0.747294792
0.747289231
0.747281723
0.747281231
0.747272462
0.7472632
0.747262746
0.747262462
0.7472621
0.747258769
0.747258115
0.747235877
0.747230285
0.747223231
0.747221431
0.747219385
0.747218154
0.747215846
0.747212769
0.747165269
0.747161277
0.747134462
0.747086815
0.747082185
0.747079892
0.747058692
0.747051423
0.747030192
0.747027492
0.747020231
0.747018615
0.747018408
0.747015385
0.747014
0.747010769
0.747005692
0.747002692
0.746991846
0.746991038
0.746987046
0.746947769
0.746946615
0.746945615
0.746942923
0.746937577
0.746931892
0.746914385
0.746908154
0.746906354
0.746897231
0.746885492
0.746880354
0.746861154
0.746860638
0.746853615
0.746842692
0.746832808
0.746811946
0.746805346
0.746779262
0.746758846
0.746748385
0.746734538
0.746733385
0.746732262
0.746706585
0.746702846
0.746682515
0.746681846
0.746664462
0.746663485
0.746655285
0.746644154
0.746609615
0.746596269
0.746588538
0.746562769
0.746557692
0.746537
0.746526615
0.746524331
0.746517731
0.746517185
0.746493846
0.746491385
0.746478254
0.746436846
0.746432077
0.746421769
0.746416692
0.746410808
0.746387769
0.746372923
0.7463695
0.746368946
0.746349462
0.746344738
0.746337692
0.746332592
0.746323462
0.746308885
0.746301
0.746289077
0.746287385
0.746286769
0.746285692
0.746281308
0.746256662
0.746244746
0.746242231
0.746236585
0.746234154
0.746193231
0.746183538
0.7461811
0.746161769
0.7461519
0.746118338
0.746090046
0.746069154
0.746069
0.746036123
0.746029569
0.746010815
0.745991423
0.745980462
0.745979154
0.745975615
0.745960792
0.745948738
0.745945569
0.745930485
0.745927077
0.745900046
0.745866
0.745858231
0.7458508
0.745838192
0.745835
0.745819485
0.745772462
0.745767815
0.745766615
0.745750577
0.745750208
0.745742638
0.745741231
0.745721646
0.745717423
0.745695
0.745654923
0.745652638
0.745652046
0.745652
0.745616646
0.745603154
0.745598308
0.745597346
0.745595154
0.745584385
0.745578154
0.745572923
0.745569
0.745540946
0.745538
0.745515962
0.745513538
0.745496
0.745489962
0.745475692
0.745471577
0.745471077
0.745464769
0.745458308
0.745457
0.745447508
0.745439385
0.745412154
0.745411885
0.745407385
0.745406792
0.745394308
0.745386154
0.745374969
0.745368769
0.745356923
0.745336
0.745319077
0.745315231
0.745307385
0.745287723
0.745287354
0.745282923
0.745277615
0.745265154
0.745246408
0.745234615
0.7452338
0.745215923
0.745189646
0.745186077
0.745183077
0.745172308
0.745169538
0.745166
0.745161723
0.745149254
0.745141415
0.745136692
0.745133892
0.745132692
0.745131615
0.745125154
0.745121538
0.745117154
0.745110769
0.745078231
0.745058462
0.745054808
0.745047615
0.745021154
0.744999385
0.744985662
0.744981077
0.7449792
0.744965031
0.7449422
0.744936692
0.744926615
0.744924769
0.744914962
0.744910462
0.744886123
0.744865723
0.7448632
0.744862192
0.744846508
0.744832846
0.744824823
0.744806669
0.744791769
0.744778969
0.744777385
0.744762969
0.744761231
0.744753462
0.744708
0.744654692
0.744647385
0.744624462
0.744620654
0.744609462
0.744608385
0.744607262
0.744598692
0.744571308
0.744565231
0.744545692
0.744540738
0.744540615
0.744531108
0.744521462
0.7445052
0.744498054
0.744492538
0.744448615
0.744442438
0.744431692
0.744422846
0.744405346
0.744380231
0.744378615
0.744365
0.744364123
0.744356285
0.744341692
0.744334615
0.7443075
0.744298877
0.744286408
0.744282738
0.744281185
0.744276923
0.744267308
0.744256385
0.744247692
0.744227308
0.7442208
0.744218692
0.744212362
0.744201308
0.744190538
0.744187738
0.744180769
0.744127154
0.744119331
0.744098885
0.744094892
0.744072654
0.744072385
0.744050877
0.744047615
0.744043954
0.744041308
0.744007769
0.744007731
0.744002923
0.744001362
0.743994615
0.743994154
0.743990538
0.743985154
0.743982977
0.743981385
0.743959408
0.743957
0.743952808
0.743933415
0.743930338
0.743914308
0.743904923
0.743862154
0.743860462
0.743859269
0.743856108
0.743836669
0.743826846
0.743814338
0.743801231
0.743776077
0.743773715
0.743766654
0.743766077
0.743765308
0.743759277
0.743756615
0.743752615
0.743741385
0.743732692
0.743725846
0.743720669
0.743705354
0.743697308
0.743681231
0.7436695
0.743666923
0.743665969
0.7436645
0.743656846
0.743656769
0.743653177
0.743627077
0.743626815
0.743615769
0.743615262
0.743610154
0.743606769
0.743602423
0.743593538
0.743563038
0.743553077
0.743541385
0.743540569
0.743529
0.743520492
0.743516154
0.743494123
0.743486846
0.743474462
0.743462385
0.743458462
0.743425262
0.743424
0.743416154
0.743413231
0.743382346
0.743380308
0.743379692
0.743369231
0.743365692
0.743357308
0.743357154
0.743352492
0.743347269
0.743344108
0.743314308
0.743310308
0.743281662
0.743262954
0.743236815
0.743234569
0.743212462
0.743211415
0.743191231
0.743190508
0.743179046
0.743164154
0.743157723
0.743144108
0.743131923
0.743106538
0.743097923
0.743081846
0.743068046
0.743062585
0.743055692
0.743036615
0.743025269
0.743013
0.743012846
0.742992438
0.742979185
0.7429785
0.7429785
0.742973077
0.742951038
0.742948769
0.742943331
0.742937769
0.742937769
0.742937615
0.742895615
0.742889385
0.742877585
0.742874692
0.742851385
0.742842154
0.742831308
0.742826308
0.742804692
0.742803123
0.742797308
0.742796308
0.742755346
0.742688408
0.742686769
0.742669615
0.742645538
0.742639231
0.742633462
0.742630231
0.742626423
0.742607154
0.742603492
0.742571538
0.742558746
0.742554385
0.742546962
0.742537654
0.742525154
0.742519615
0.7425195
0.742511154
0.742499738
0.742495923
0.742493846
0.74249
0.742476846
0.742468738
0.742465346
0.742457308
0.742431646
0.742430385
0.742427569
0.742423692
0.742414823
0.742407846
0.742394154
0.742388415
0.742378192
0.742376354
0.74237
0.742368746
0.742362185
0.742361462
0.742356077
0.742351385
0.742340923
0.742332615
0.742325154
0.742316385
0.742304308
0.742300654
0.742288415
0.742285692
0.742280669
0.742273538
0.742267415
0.742258769
0.74225
0.742213815
0.742211892
0.742211115
0.742196077
0.742179154
0.742178846
0.742153208
0.742129269
0.742126338
0.742125969
0.742104846
0.742096923
0.742096538
0.742096354
0.742089462
0.7420792
0.742063538
0.742040277
0.742010431
0.741987046
0.741970462
0.741927462
0.741925
0.741911769
0.741886815
0.741885485
0.741858438
0.741842115
0.741835692
0.741834615
0.741828
0.741823923
0.741822077
0.741821577
0.741809423
0.741807723
0.741807131
0.741798385
0.741767308
0.74176
0.741759123
0.7417511
0.741728615
0.741717077
0.741710662
0.741694385
0.741650231
0.741638131
0.741605669
0.741603154
0.741601385
0.741576508
0.741561308
0.741534077
0.741530308
0.741515846
0.741490615
0.741465231
0.741465185
0.741463769
0.741423769
0.741418415
0.7414059
0.741403192
0.741387654
0.7413805
0.741368808
0.741366538
0.741311585
0.741299115
0.741295308
0.741277923
0.741257808
0.741256338
0.741252692
0.741244308
0.741210385
0.741201769
0.741200585
0.741194254
0.741191415
0.741182462
0.741172692
0.741143692
0.741099715
0.741088769
0.741083577
0.741076977
0.741069038
0.741045
0.741042077
0.741033385
0.741016846
0.741007923
0.741005923
0.740946115
0.740930438
0.740920715
0.740913792
0.740904808
0.740886192
0.740881331
0.740870285
0.740868692
0.740852077
0.740805154
0.740794846
0.740784177
0.740781108
0.740760562
0.7407348
0.740728462
0.740690615
0.740684408
0.740670746
0.7406552
0.740645538
0.740644431
0.740643692
0.740633692
0.740630923
0.740629846
0.740623885
0.740618431
0.740607615
0.740603462
0.740592662
0.740591077
0.740564423
0.740555615
0.740548154
0.740544308
0.740543692
0.7405381
0.740525154
0.740520585
0.740497231
0.740471
0.740447185
0.740428108
0.740405046
0.740390054
0.740383692
0.740367
0.740289615
0.740281846
0.740281438
0.740271769
0.740262385
0.740242846
0.740217662
0.740207338
0.740184969
0.740176577
0.740174154
0.740142
0.740126277
0.740117154
0.740109385
0.740098
0.740094
0.740088
0.740085338
0.740070231
0.740070154
0.740062231
0.740058285
0.740043154
0.739987031
0.739974385
0.739966846
0.739951077
0.739946692
0.739945
0.73992
0.7399195
0.739917892
0.739911
0.739908154
0.739904185
0.739899415
0.739894969
0.739891923
0.739888385
0.739882308
0.739878646
0.739877308
0.739874654
0.739863385
0.7398488
0.739818615
0.739814046
0.739801154
0.739767738
0.739752538
0.739737108
0.739735923
0.739690462
0.739686385
0.739667877
0.739642338
0.739635185
0.739623231
0.739612
0.739610615
0.739589331
0.739556769
0.739551046
0.739546769
0.739518769
0.739516338
0.739514154
0.739496615
0.739490077
0.739485231
0.739482185
0.739474662
0.739459
0.739454946
0.739434308
0.739432231
0.739414385
0.739391308
0.739383746
0.739377646
0.7393279
0.739267923
0.739255962
0.739250846
0.739204746
0.739195769
0.739171615
0.739160769
0.739152615
0.739150846
0.739137077
0.739137077
0.739114462
0.739109231
0.739099431
0.739080231
0.7390395
0.739036
0.739016769
0.739015462
0.739005846
0.739005115
0.738995262
0.738985954
0.738968669
0.738963577
0.738959362
0.738929769
0.738910846
0.738909108
0.738883892
0.738880846
0.738862
0.738855308
0.738837
0.738810254
0.738805154
0.738799662
0.738791277
0.738786923
0.738764077
0.738761977
0.738750846
0.738748723
0.738732815
0.738723077
0.7387175
0.738716585
0.738714692
0.738700492
0.738663462
0.738648038
0.738638269
0.738625438
0.738615669
0.738602462
0.738600031
0.738588
0.738583115
0.738578846
0.738554462
0.738549615
0.738548592
0.738541231
0.738526262
0.738525154
0.738523231
0.738509846
0.738502423
0.738502077
0.738493615
0.738447769
0.738445231
0.738442038
0.738432731
0.738410946
0.738389077
0.738352615
0.738324923
0.738310354
0.738308385
0.738299462
0.738275508
0.738274615
0.738270615
0.738267692
0.738259846
0.738251538
0.738250431
0.738240846
0.738239846
0.738227508
0.738225692
0.738212877
0.738202331
0.738193115
0.738179962
0.738174731
0.738167308
0.738161
0.738160154
0.738146385
0.738142823
0.738138923
0.738134
0.738132
0.738125769
0.738101692
0.738097569
0.738041154
0.738040577
0.738033077
0.738032231
0.738008
0.737997692
0.737982115
0.737971115
0.737954769
0.737940115
0.737931731
0.737919577
0.737915231
0.737907154
0.737891462
0.737812792
0.737808308
0.737803308
0.737796154
0.737792231
0.737791
0.737778385
0.737775
0.7377575
0.737741954
0.737738923
0.737738308
0.737723115
0.737722846
0.737718
0.737712077
0.737702431
0.737701108
0.737699154
0.737692462
0.737687254
0.737678769
0.737650692
0.737650077
0.737647277
0.737645
0.737634023
0.737623923
0.737620462
0.737616769
0.737614585
0.737606562
0.737605
0.737603154
0.737588308
0.7375835
0.737569515
0.737562823
0.737515692
0.737514308
0.737494185
0.737479231
0.737477538
0.737471492
0.737463692
0.737458923
0.737451538
0.737450923
0.737448231
0.737441962
0.737432192
0.737406654
0.737402577
0.737397
0.737382262
0.737308723
0.737297077
0.737296385
0.737291
0.737268515
0.737268054
0.737264154
0.737263308
0.737233023
0.737231154
0.7372278
0.737219692
0.737219308
0.737218231
0.737203308
0.737197462
0.737194054
0.737186254
0.737180538
0.737156962
0.737109962
0.737090892
0.737035962
0.737034131
0.737024462
0.737022385
0.736983923
0.736981262
0.736962923
0.736960385
0.736955131
0.736952154
0.736914231
0.736845231
0.736844131
0.736840308
0.736828154
0.736806231
0.736797077
0.736776177
0.736767285
0.736766846
0.736761385
0.736744585
0.736738262
0.736736423
0.736735308
0.736698277
0.736698185
0.736659923
0.736637892
0.736609462
0.736586154
0.736570723
0.7365605
0.736557692
0.736538031
0.736527577
0.736526462
0.736509192
0.736504231
0.736491
0.736479077
0.736473615
0.736458538
0.736454615
0.736437385
0.7364368
0.736430615
0.736428769
0.736390262
0.736389538
0.736377615
0.736372
0.736364031
0.736360638
0.736360508
0.736356977
0.736353
0.736311462
0.736297185
0.736295231
0.736282
0.736281646
0.736267769
0.736252208
0.7362429
0.736212154
0.736206615
0.736205231
0.736187462
0.736181154
0.736179585
0.7361645
0.736153308
0.736140331
0.736130769
0.736124885
0.736118077
0.736085538
0.736071769
0.736056462
0.736052846
0.736051662
0.736034231
0.736014338
0.736007046
0.735999
0.735996615
0.735974308
0.73596
0.735935569
0.735931354
0.735906923
0.735906177
0.735877662
0.735875462
0.735865923
0.735858038
0.735832077
0.735816269
0.735813746
0.735807738
0.735801462
0.735782692
0.735748462
0.735701277
0.735690962
0.735680308
0.735633769
0.735629846
0.735619569
0.735598077
0.735579823
0.735568131
0.735566569
0.735559
0.735534154
0.735529108
0.735525
0.735522969
0.735515492
0.735510462
0.7354972
0.735477254
0.7354768
0.735452
0.735434385
0.735414462
0.735412515
0.735404354
0.735396615
0.735391977
0.735391562
0.735365462
0.735353846
0.735341923
0.735332692
0.735328
0.735324846
0.735321308
0.735273823
0.735262038
0.735247846
0.735236692
0.735229
0.735198031
0.7351895
0.735187115
0.735185746
0.735169385
0.735163415
0.735160923
0.735158646
0.735148077
0.735145692
0.735134846
0.735115769
0.735075569
0.735049569
0.735046131
0.735013808
0.734993923
0.734980615
0.734973154
0.734972269
0.734969692
0.734960846
0.734960115
0.734953923
0.734941177
0.734892946
0.734868846
0.734867615
0.734860231
0.734843792
0.734813077
0.734799615
0.734798846
0.734794738
0.734794508
0.734790769
0.734777077
0.734769338
0.734748562
0.734745846
0.734744231
0.734741923
0.734738231
0.734736538
0.734735077
0.734732385
0.734731923
0.734707115
0.734699692
0.734687585
0.734672592
0.734670669
0.734632885
0.734611662
0.734598615
0.734557769
0.734496577
0.734495692
0.734481723
0.734472846
0.734468692
0.734455723
0.734454385
0.734449031
0.734429846
0.734429615
0.734417577
0.734409846
0.734400923
0.734382923
0.734370031
0.734330231
0.734329954
0.734327154
0.734299462
0.734296538
0.73429
0.734284431
0.734278538
0.734240923
0.734213923
0.734213177
0.734202923
0.734202846
0.734201385
0.734182731
0.734173331
0.734170585
0.734146231
0.734136385
0.734131923
0.734125969
0.734124508
0.734117946
0.734116
0.734101615
0.734095846
0.734084
0.734056077
0.734052108
0.734040769
0.734023308
0.734019646
0.734008462
0.734003154
0.733999977
0.733996308
0.733993877
0.733956423
0.733954262
0.733940277
0.733935692
0.733933846
0.733902769
0.7339008
0.733883338
0.733882969
0.733881731
0.733860823
0.733848031
0.733825846
0.733823177
0.733811385
0.733786731
0.733784462
0.733762431
0.733761423
0.733755692
0.733754723
0.733742846
0.733724646
0.733694462
0.733675769
0.733664462
0.733652892
0.733649846
0.733641846
0.733640769
0.733639308
0.733627615
0.733610615
0.733599231
0.733597385
0.733545515
0.733532
0.733528385
0.733508231
0.733459615
0.733450746
0.733448538
0.733438615
0.733438
0.733433385
0.733403977
0.733395723
0.733391308
0.733389946
0.733386231
0.733375638
0.733364462
0.733336485
0.733329331
0.733306731
0.733284846
0.733281192
0.733266538
0.733249969
0.733238538
0.733229792
0.733228385
0.733209385
0.733208338
0.733194577
0.733183077
0.733170415
0.733163462
0.733144769
0.733126077
0.733109538
0.733105615
0.733104346
0.733100815
0.7330828
0.733079154
0.733067154
0.733060423
0.733020077
0.733014538
0.733010262
0.733005692
0.732996769
0.732952231
0.732947923
0.732926308
0.732922046
0.732916823
0.732903662
0.732900823
0.732885508
0.732872615
0.732857615
0.732854154
0.732824
0.732801615
0.732781231
0.732763846
0.732749
0.732746692
0.732679638
0.732655569
0.732652269
0.732639385
0.732630923
0.732617923
0.732611
0.732585192
0.732518385
0.732497538
0.732490077
0.732450462
0.732428569
0.732428231
0.732411969
0.732375885
0.732375308
0.732367815
0.732342462
0.732329308
0.732314354
0.732300508
0.732279285
0.732277354
0.732273185
0.7322725
0.732272362
0.732266385
0.732256154
0.732254385
0.732253885
0.732252154
0.732236962
0.732236638
0.732213462
0.732196231
0.7321802
0.732175615
0.732174538
0.732170769
0.732141154
0.732124077
0.732105
0.732100769
0.732095077
0.732093385
0.732061538
0.732042615
0.732039923
0.732023123
0.732019592
0.732000654
0.731982692
0.731982538
0.731973285
0.731962738
0.731960231
0.731957231
0.731943923
0.731941385
0.731929692
0.731927231
0.731916462
0.731889692
0.731883046
0.731870123
0.731860154
0.731855
0.731833077
0.731830154
0.731828077
0.731818031
0.731764923
0.731754123
0.731747885
0.731747654
0.731733231
0.7317195
0.731718354
0.731689385
0.731679769
0.731676462
0.731650962
0.731636615
0.731629077
0.731620423
0.731619
0.731607308
0.731598846
0.731581308
0.731579615
0.731570846
0.731529077
0.731497
0.731495569
0.731490438
0.731484846
0.731474023
0.731460615
0.731429538
0.731414615
0.731395769
0.731388692
0.731363923
0.731342208
0.731313154
0.731304154
0.731284208
0.731230423
0.731223077
0.731193977
0.731175131
0.731156515
0.731150308
0.731131231
0.731130077
0.731108877
0.7310948
0.731092738
0.731092508
0.731051338
0.731049231
0.731039508
0.731027585
0.731020154
0.731019
0.731002923
0.730994438
0.730990923
0.730963
0.730962615
0.730959769
0.730959231
0.730944615
0.730929769
0.730915308
0.730907692
0.730894923
0.730876192
0.730860185
0.730856885
0.7308512
0.730845746
0.730843769
0.730839508
0.730826715
0.7307965
0.730792746
0.730783154
0.730731485
0.730731231
0.730721846
0.730712277
0.730708423
0.730705846
0.730700123
0.730688
0.730675869
0.730672431
0.730658231
0.730638154
0.730637154
0.730631385
0.730625615
0.730600385
0.730588692
0.730575846
0.730570154
0.730564538
0.730562115
0.730560923
0.730547769
0.730529923
0.730509385
0.730509
0.730506077
0.730500269
0.730498308
0.730493308
0.730478923
0.730464308
0.730436808
0.730436231
0.730431123
0.730415308
0.730413308
0.730408431
0.730395408
0.730383615
0.730372231
0.730357723
0.730323385
0.730312285
0.730311923
0.730306923
0.730275231
0.730267123
0.730254231
0.730245208
0.730236492
0.730228846
0.730218569
0.730212423
0.730201462
0.730199769
0.730192385
0.730191654
0.730161385
0.730151769
0.730136362
0.730127846
0.730120815
0.730114577
0.7301
0.730091615
0.730055538
0.730049923
0.730046769
0.730043769
0.730041154
0.730041
0.730026269
0.730021415
0.730018338
0.729984962
0.729984538
0.729935946
0.729908615
0.729907538
0.729893231
0.729871462
0.729871
0.729853231
0.729836462
0.729831962
0.729830538
0.729817885
0.729817308
0.729815308
0.729797846
0.729789077
0.729787346
0.729782769
0.729772077
0.729757731
0.729747877
0.729746615
0.729729462
0.729724538
0.729716646
0.729699846
0.729697846
0.729697669
0.729697
0.729685538
0.729676577
0.729669154
0.729647
0.729642285
0.729640231
0.729594185
0.729587846
0.7295852
0.729550808
0.729548846
0.729528892
0.729522385
0.729519
0.729515308
0.729514462
0.729503131
0.729488231
0.729479538
0.729459308
0.729422385
0.729422385
0.729418577
0.729415692
0.729414
0.729413262
0.729395108
0.729374769
0.729372077
0.729362923
0.729357
0.729355262
0.729341308
0.729257385
0.729247
0.729246277
0.729229038
0.729200692
0.729200615
0.729170077
0.729163562
0.729141646
0.729104846
0.729078515
0.729076308
0.729070715
0.729070585
0.729065954
0.729047654
0.729044462
0.729038538
0.729029385
0.729011569
0.729004969
0.729004231
0.728996946
0.728963923
0.728959615
0.728955308
0.728950269
0.728945769
0.728937154
0.728932662
0.728919769
0.728907123
0.728893462
0.728891615
0.728877415
0.728877385
0.728858431
0.728848077
0.728829154
0.728783562
0.728777
0.728774115
0.728769615
0.728747892
0.728739731
0.728737154
0.728735846
0.728730746
0.728729154
0.728706308
0.728683
0.728682462
0.728667538
0.728650185
0.728638262
0.728605923
0.728603769
0.728603646
0.728588331
0.728567792
0.728561
0.728525462
0.728511538
0.728509846
0.728506462
0.728492538
0.728472
0.728444615
0.728434154
0.728415662
0.728404923
0.728404231
0.728399692
0.728377
0.728373769
0.728351308
0.728325462
0.728320462
0.728313538
0.728312408
0.728309231
0.728304923
0.728295815
0.728294154
0.728282746
0.728276277
0.728260615
0.728244769
0.728235615
0.728233769
0.728227954
0.728219562
0.728199692
0.728192462
0.728184154
0.728181054
0.728174077
0.728137615
0.728129615
0.728129308
0.728116038
0.728108885
0.728088569
0.728065615
0.728061077
0.728042723
0.728039846
0.7280369
0.728024615
0.728017615
0.728012077
0.728008154
0.727984769
0.727984385
0.727973492
0.727971792
0.727969731
0.727950308
0.727938277
0.727930846
0.727906923
0.727904808
0.727900815
0.7278872
0.727886308
0.727883808
0.727876385
0.727863538
0.727856923
0.727850431
0.727850077
0.727819769
0.727811
0.727788231
0.727764277
0.727755154
0.727747615
0.727738154
0.727717
0.727711731
0.727700462
0.727697792
0.727659615
0.727641262
0.727620492
0.727603
0.727601308
0.727593462
0.727566892
0.727564846
0.727544654
0.727544338
0.7275392
0.727533462
0.727518892
0.727497431
0.727492338
0.727483308
0.727463923
0.727438154
0.727437962
0.727431231
0.727414577
0.727377846
0.727371538
0.727360231
0.727341269
0.727324846
0.727319692
0.727318692
0.727305185
0.727277031
0.727249769
0.727212108
0.727211877
0.727208577
0.727202846
0.727145769
0.727142615
0.727131415
0.727095923
0.727082231
0.727077615
0.727064615
0.727043923
0.727040031
0.727036308
0.727024769
0.727017923
0.726998038
0.726998
0.726968277
0.726949
0.726936646
0.726935462
0.726928154
0.7269128
0.726892077
0.726869231
0.726847
0.726833538
0.726828023
0.726810385
0.726809177
0.726795692
0.726787954
0.726780231
0.726777731
0.726773692
0.726753308
0.726744385
0.726733231
0.726727769
0.726701154
0.726696154
0.726687538
0.726687077
0.726681262
0.7266698
0.726664769
0.726662769
0.726655585
0.726653431
0.726652846
0.726646154
0.726636054
0.726628154
0.726599192
0.726596577
0.726578615
0.726573969
0.726571692
0.726545923
0.726539692
0.726515615
0.726515154
0.726475692
0.726472077
0.726469208
0.726431538
0.7264008
0.726399231
0.7263952
0.726391538
0.726372077
0.726346462
0.726340923
0.726335692
0.726334823
0.726319962
0.726284231
0.726258308
0.726247338
0.726245731
0.726240046
0.726230923
0.726164615
0.726163769
0.726146515
0.726140046
0.726135923
0.726109877
0.726108185
0.726104192
0.726100892
0.726100892
0.726097269
0.726090715
0.726070923
0.726067515
0.726059231
0.726049723
0.726040538
0.726011123
0.7259992
0.725987046
0.725979808
0.725971646
0.725970538
0.725936
0.725928954
0.725927385
0.725927308
0.725920692
0.725920692
0.725857
0.725844046
0.725834692
0.725816354
0.7258031
0.725790723
0.725778892
0.725778431
0.725756654
0.725751792
0.725746923
0.725746385
0.7257352
0.7257092
0.725700577
0.725689846
0.725686462
0.725685815
0.7256849
0.7256838
0.7256335
0.725614662
0.725612731
0.725606769
0.725568923
0.725550308
0.725537231
0.725526946
0.725514154
0.725491185
0.725490954
0.725487423
0.725445
0.725443769
0.725436615
0.725429231
0.725403846
0.725379923
0.725362462
0.725348846
0.725312185
0.725302877
0.725297231
0.725270154
0.725268492
0.725266
0.725256077
0.725254508
0.725252462
0.725250692
0.725243277
0.725230538
0.725219338
0.725192885
0.725182923
0.725182077
0.725179538
0.725177662
0.725176231
0.725170508
0.725170154
0.725149285
0.725139562
0.725136154
0.725133385
0.725103923
0.725094231
0.725085923
0.725078815
0.725059615
0.725056438
0.725031269
0.725013923
0.725012538
0.725007385
0.725006277
0.725002692
0.724943192
0.724925692
0.724924
0.724922154
0.724916385
0.724897231
0.724893385
0.724887615
0.724885969
0.724885615
0.724856154
0.724844231
0.724840846
0.724840308
0.724831731
0.724825923
0.724824438
0.724817885
0.724814715
0.724803231
0.724792308
0.724742308
0.724740715
0.724736731
0.724736
0.724733562
0.724721846
0.724702923
0.724690846
0.724684277
0.724667462
0.724665538
0.7246608
0.724644662
0.724628385
0.724613808
0.724610231
0.724607923
0.724586338
0.724576577
0.724568308
0.724562269
0.724556615
0.724529808
0.724520592
0.724518231
0.724513769
0.724499923
0.724483769
0.7244835
0.724470077
0.724463462
0.724462269
0.724425823
0.724415462
0.724386569
0.724356154
0.724354
0.724338538
0.724331969
0.72431
0.724295885
0.724285792
0.724257231
0.724256692
0.724254208
0.724248885
0.724246692
0.724240769
0.724238308
0.724230408
0.724227846
0.724219131
0.724218262
0.724160031
0.724141846
0.724091538
0.724075692
0.724068192
0.724045131
0.724034923
0.724032231
0.724024154
0.724015969
0.723990692
0.723984615
0.723974885
0.723947331
0.723897231
0.723853462
0.723842885
0.723834154
0.723830877
0.723822615
0.723821077
0.723820423
0.723819615
0.723818354
0.723788077
0.723778515
0.723761731
0.723753538
0.723749815
0.723734692
0.723730385
0.723726792
0.723724308
0.723709508
0.723706846
0.723696031
0.723690308
0.723655538
0.723654123
0.723611577
0.723597
0.723596723
0.723581954
0.723578977
0.723576692
0.723575846
0.723553923
0.723540277
0.723536462
0.723503692
0.723488846
0.723471615
0.723458923
0.7234345
0.723419692
0.723416023
0.723392
0.723356769
0.723349815
0.723332577
0.723330538
0.723309108
0.723304
0.723286769
0.723281846
0.7232418
0.723233077
0.723232123
0.723225792
0.7232219
0.723203308
0.723197385
0.723196
0.7231755
0.723166
0.723156423
0.723149
0.723131346
0.723109
0.723086638
0.723051
0.723049869
0.723042538
0.723042462
0.723039769
0.723029192
0.723006815
0.722999615
0.722954462
0.722930892
0.722924692
0.722867431
0.722858585
0.722826492
0.722819923
0.722792977
0.722784231
0.722783
0.722770646
0.722770508
0.722764046
0.722744308
0.722724077
0.722716154
0.722713846
0.722696846
0.722673031
0.722667308
0.722630538
0.722628538
0.722615715
0.722614438
0.722613308
0.722613231
0.722610077
0.722568692
0.722523692
0.722502462
0.722493462
0.722490769
0.722488808
0.722440923
0.722435115
0.722431
0.722423462
0.722409615
0.722387462
0.722381923
0.722375462
0.722342177
0.722260077
0.722246077
0.722238654
0.722229769
0.722222462
0.722209946
0.722145231
0.722135354
0.722125385
0.722109262
0.722061846
0.722050231
0.722049108
0.722038769
0.721969738
0.721969077
0.721953
0.721948969
0.721935492
0.721934115
0.721929538
0.721895738
0.721889077
0.721875615
0.721869462
0.721869385
0.721865692
0.721851154
0.721849077
0.721844569
0.721838792
0.721822692
0.721813123
0.721808354
0.721805738
0.721779385
0.721775692
0.721768769
0.721759308
0.721743385
0.721730846
0.721727423
0.721700738
0.721692123
0.721677723
0.721654923
0.721639123
0.721629154
0.7215841
0.721567185
0.721553846
0.721523538
0.721501115
0.721471354
0.721461815
0.721448769
0.721429492
0.721426231
0.721413815
0.721397308
0.721387231
0.721381385
0.721380308
0.721366462
0.721365769
0.721365123
0.721363885
0.721361692
0.721341538
0.721334615
0.721328154
0.721313954
0.721313354
0.721282269
0.721281308
0.721277769
0.721256869
0.721240185
0.721235077
0.721230646
0.721220877
0.721208154
0.721192362
0.721176815
0.721162077
0.721150615
0.721149946
0.721143115
0.721134231
0.721129923
0.721126615
0.721125646
0.721121615
0.721113823
0.721113077
0.721105108
0.721096946
0.721091462
0.721078746
0.721056077
0.721017946
0.721007538
0.721000846
0.720994385
0.720987462
0.720978462
0.720970585
0.720955385
0.720955
0.720935
0.7209329
0.720924508
0.720918231
0.720898646
0.720856231
0.720847338
0.720842308
0.720827808
0.720812954
0.720801462
0.720784662
0.720763438
0.720763077
0.720757462
0.720754269
0.720745308
0.720738038
0.720713154
0.720702846
0.720693515
0.720675585
0.720667769
0.720645054
0.720634154
0.720626231
0.720626
0.720617077
0.720595354
0.720585615
0.720584769
0.7205771
0.720562662
0.720545054
0.720542346
0.720524738
0.720513077
0.720498769
0.720491692
0.720473923
0.720472769
0.720452846
0.720448815
0.720431462
0.720428046
0.720423308
0.720406462
0.720402415
0.720401592
0.720398538
0.720398308
0.720389385
0.720352577
0.720334308
0.720330108
0.720313308
0.720307508
0.720296308
0.720281615
0.720275692
0.7202369
0.720226077
0.720198
0.720175923
0.720150615
0.720142354
0.720092077
0.720073808
0.720066308
0.720065692
0.7200645
0.720047615
0.720015492
0.720011846
0.720011769
0.719984269
0.719977154
0.719975185
0.719972892
0.7199618
0.719949877
0.719918769
0.719900954
0.719896846
0.719889615
0.719879592
0.719870538
0.719862462
0.719857462
0.7198425
0.71979
0.719786615
0.719769615
0.719751
0.719750538
0.719719892
0.719711231
0.719698615
0.719670923
0.719661115
0.719652815
0.719652308
0.719649885
0.719636077
0.719617385
0.719591331
0.719588385
0.719576385
0.719554
0.7195392
0.719521615
0.719495738
0.719475654
0.719465692
0.719447077
0.71943
0.719428846
0.719426615
0.719403846
0.719403031
0.719393923
0.719368846
0.719349308
0.719346
0.719343692
0.7193415
0.719340923
0.719333154
0.719328846
0.719321185
0.719314769
0.719307231
0.719281615
0.719250385
0.719250254
0.719213308
0.719202115
0.719200538
0.719191692
0.719154308
0.719152462
0.719104692
0.719076154
0.719065115
0.718937385
0.718935077
0.718917923
0.718917569
0.718917115
0.718909269
0.718889231
0.718883769
0.718874654
0.718874338
0.718864385
0.7188388
0.718788538
0.718787308
0.718779562
0.718771846
0.718768
0.718764923
0.718764462
0.7187438
0.718733692
0.718728769
0.718694385
0.718690569
0.718686462
0.718681946
0.718681946
0.718681231
0.718677962
0.718654846
0.718643308
0.718640692
0.718635462
0.718632769
0.718626423
0.718619185
0.718607615
0.7186035
0.718602262
0.718559115
0.718547562
0.718540638
0.718539538
0.718510977
0.718500923
0.718486462
0.7184798
0.718464231
0.718433808
0.718419646
0.718412946
0.718404538
0.718401615
0.718401262
0.718387185
0.718376038
0.7183555
0.718354
0.718348923
0.718333492
0.718328385
0.718326538
0.718323538
0.718249538
0.718237208
0.718221208
0.718213046
0.718207077
0.718186815
0.7181815
0.718155231
0.7181511
0.718145877
0.718121692
0.718110846
0.718104562
0.7180832
0.718081846
0.718075269
0.718065462
0.718052077
0.718038131
0.718028154
0.718014
0.718003385
0.717997154
0.717990492
0.717969769
0.717959
0.717954615
0.717942846
0.717926577
0.717926308
0.717916715
0.717818923
0.717811
0.717802738
0.717801769
0.717797054
0.717781385
0.717780615
0.717755538
0.717754154
0.717753538
0.717731769
0.717671285
0.717666769
0.717659154
0.717655462
0.717633731
0.717628877
0.717605262
0.717583615
0.7175739
0.717570738
0.717570046
0.717566231
0.717561654
0.717557846
0.717539538
0.717510262
0.717503792
0.717479131
0.7174761
0.717465054
0.717458038
0.717449508
0.717398462
0.717341485
0.717336769
0.717331492
0.717322769
0.717306962
0.717289585
0.717288385
0.717283262
0.717268954
0.717267692
0.717264962
0.717253731
0.717250615
0.717233692
0.717228385
0.717221077
0.717220715
0.717219692
0.717210954
0.717199231
0.717191923
0.717189723
0.717182308
0.717141946
0.717118077
0.717080615
0.717067462
0.717066308
0.717061669
0.717054385
0.717014262
0.716966846
0.716958508
0.716958508
0.716920692
0.716920585
0.716859769
0.7168542
0.7168381
0.716834769
0.71681
0.7168028
0.716790846
0.716783385
0.716780385
0.716762846
0.716760538
0.716717077
0.716711308
0.7167028
0.716675154
0.716666715
0.716641231
0.716638885
0.716624492
0.716623346
0.716600385
0.716577077
0.716563738
0.716547415
0.716533692
0.7165332
0.716532331
0.716530269
0.7165128
0.716487846
0.716487308
0.716471492
0.716452877
0.716432462
0.716422885
0.716414769
0.716409038
0.716369077
0.7163659
0.71634
0.716330038
0.716305385
0.716304769
0.716276462
0.716259569
0.7162548
0.716254577
0.716239385
0.716231615
0.716225415
0.716219308
0.716216885
0.716178877
0.716165031
0.716144715
0.716143615
0.716142108
0.716135731
0.716135615
0.716118769
0.716101115
0.716099769
0.716095538
0.716087154
0.716046185
0.716029692
0.716022115
0.715978615
0.715969154
0.715952
0.715944123
0.715942308
0.715915331
0.715913038
0.715901346
0.715896715
0.715874615
0.715872923
0.715857231
0.715854077
0.715848154
0.715839269
0.715814385
0.715774769
0.715771231
0.715756877
0.715736769
0.715736
0.715674023
0.715656738
0.715638692
0.715631846
0.715625746
0.715617538
0.715616154
0.715604154
0.715585577
0.715583538
0.715528538
0.715520692
0.715493462
0.715451746
0.7154478
0.715438923
0.715433462
0.715404077
0.715395615
0.715385385
0.715382646
0.715374538
0.715348354
0.715309538
0.715306354
0.715294662
0.7152882
0.715248123
0.715235385
0.715215115
0.715208738
0.715200846
0.715186923
0.715186923
0.715184077
0.715182746
0.715160185
0.715151569
0.715147846
0.715113615
0.715043385
0.715021692
0.715020923
0.715017615
0.714998077
0.714983208
0.714971692
0.714960508
0.714949462
0.714928692
0.714906823
0.714905262
0.7148888
0.714887769
0.714875923
0.714875615
0.714839969
0.714832731
0.714823923
0.714823769
0.714806823
0.714717646
0.714710954
0.714709385
0.7146778
0.714658823
0.714657492
0.714653692
0.714651254
0.714646231
0.714640077
0.714633692
0.714625123
0.714623331
0.714607515
0.714603769
0.714569046
0.714558177
0.714528846
0.714528331
0.714525492
0.714524538
0.714508846
0.714494077
0.714483585
0.714471692
0.714465538
0.714465108
0.714424577
0.714418338
0.714414077
0.714411877
0.714405077
0.714399308
0.714391538
0.714388231
0.714383123
0.7143735
0.714366846
0.714361769
0.714348877
0.714342277
0.714328308
0.714316508
0.714315954
0.714305823
0.714300731
0.714287577
0.714272462
0.714268308
0.714264154
0.714261692
0.714259654
0.714239154
0.714227462
0.714224077
0.714204231
0.714099362
0.714068046
0.714066123
0.714062362
0.714049077
0.714035585
0.714004954
0.714
0.713946846
0.713940492
0.713933769
0.7139255
0.713892462
0.713874331
0.713862923
0.713831077
0.713821969
0.713811538
0.713808492
0.713796338
0.713759077
0.713700331
0.713688077
0.713682038
0.713672769
0.713658192
0.713656038
0.713655308
0.713653615
0.713652877
0.713647385
0.713646769
0.713644715
0.713604077
0.713592815
0.713567846
0.713557308
0.713555308
0.713515285
0.713488769
0.713477846
0.713459769
0.713442977
0.713440769
0.713435923
0.713383192
0.713382385
0.713380438
0.713343
0.713342
0.713339131
0.713332308
0.713328308
0.713315885
0.713312615
0.713307769
0.713299285
0.713295692
0.713268308
0.713249154
0.713215923
0.713185846
0.713160585
0.713153438
0.713142154
0.713118923
0.713117715
0.713095346
0.713092
0.713077
0.713069769
0.713044923
0.713042462
0.712990115
0.712973615
0.712949385
0.712946308
0.712943492
0.712938354
0.712932923
0.712929231
0.712913923
0.712912385
0.712884077
0.712879308
0.712878615
0.712872615
0.712871769
0.712860077
0.712859846
0.712853923
0.712829154
0.712807154
0.712797415
0.712797308
0.712796692
0.712795385
0.712793154
0.7127815
0.712759846
0.712723462
0.712720538
0.712710438
0.712707731
0.712691
0.712687969
0.712676646
0.712674715
0.712670177
0.712666054
0.712656692
0.712656231
0.712655615
0.712631115
0.712610231
0.712600462
0.712554923
0.712505154
0.712484615
0.712466654
0.712449415
0.712424308
0.712400077
0.712398231
0.712391385
0.712387923
0.712387231
0.712369846
0.712369462
0.712358308
0.712337154
0.712321585
0.712315154
0.712285269
0.712283692
0.712280538
0.712275923
0.712274462
0.712257808
0.712247492
0.712243231
0.712222846
0.712222185
0.712185046
0.712154538
0.712128538
0.712121269
0.7120839
0.712032538
0.712031385
0.712007285
0.712005923
0.711981308
0.711973815
0.711963615
0.711957692
0.711957538
0.711942615
0.711900308
0.711892662
0.711891077
0.711843185
0.711842592
0.711786769
0.711786331
0.711782438
0.711767692
0.711762154
0.711754515
0.711753046
0.711751946
0.711751262
0.711747154
0.711745077
0.711738515
0.711736615
0.711735154
0.711717231
0.711714385
0.711706415
0.711698538
0.711692308
0.711685738
0.711680615
0.711678954
0.711600462
0.711597308
0.711565923
0.711564846
0.711563046
0.711546954
0.711542508
0.711542508
0.711520815
0.711512231
0.711485615
0.711476154
0.711472615
0.711472
0.711447538
0.711413077
0.711402231
0.711391108
0.711387308
0.711369846
0.711347962
0.711336408
0.711332385
0.711327746
0.711318385
0.711312338
0.711300054
0.711297254
0.711280462
0.711263615
0.711251723
0.711249769
0.711240462
0.711218154
0.711188538
0.711147231
0.7111371
0.711121923
0.711071692
0.711063385
0.711061038
0.711057538
0.711021462
0.711020877
0.711011385
0.711004846
0.710962738
0.710912346
0.710896438
0.710890692
0.710889877
0.710889654
0.710874885
0.710859846
0.710796154
0.7107952
0.710791462
0.710776
0.710771131
0.710762508
0.710759
0.710751185
0.710750815
0.710740846
0.710739077
0.710689154
0.710688738
0.710675154
0.710654615
0.710648769
0.710631423
0.710623615
0.710623038
0.710612123
0.710607723
0.710603385
0.710592846
0.710587823
0.7105698
0.710567646
0.710545
0.710518846
0.710503077
0.710496462
0.710490462
0.710467969
0.710463108
0.710433231
0.710415885
0.710402231
0.710401769
0.71039
0.710382077
0.710376462
0.710372738
0.710361692
0.7103539
0.710323177
0.710313077
0.710307077
0.710302385
0.710289615
0.710263346
0.710256423
0.710253154
0.710244692
0.710226569
0.710195462
0.710161192
0.710144046
0.710116346
0.710107231
0.710105669
0.710090462
0.710090354
0.710089023
0.710074923
0.710043692
0.710039277
0.710029308
0.710015569
0.710015385
0.710002731
0.709997846
0.709992538
0.709986962
0.709961154
0.709956562
0.709954462
0.709950077
0.709940154
0.709925569
0.709909615
0.709896177
0.709890462
0.709881615
0.709881538
0.709858354
0.709848269
0.709832954
0.709803231
0.709796731
0.709770769
0.709755308
0.709742123
0.709724846
0.709699
0.709668308
0.709664823
0.709650331
0.709642954
0.709633231
0.709625308
0.709606962
0.709594354
0.709592385
0.709591769
0.709582431
0.709581538
0.709534192
0.709531769
0.709521585
0.709514846
0.709490408
0.7094795
0.709422869
0.709421308
0.709415262
0.7094005
0.709398077
0.709396415
0.709393846
0.709377692
0.709374408
0.709355108
0.709345569
0.709289846
0.709256385
0.709240154
0.709222
0.709196423
0.709185231
0.709173585
0.709141462
0.709136585
0.709127508
0.709127462
0.709105962
0.709085538
0.709080308
0.709074538
0.709060431
0.709054846
0.709042692
0.709041
0.709040031
0.708959331
0.708956154
0.708928
0.708910615
0.70891
0.708907077
0.708900877
0.708887615
0.708886431
0.708877
0.708861615
0.708854923
0.708854846
0.708853385
0.708842692
0.708823615
0.708814385
0.708810615
0.708801846
0.708775846
0.708771115
0.708723231
0.708717769
0.708717154
0.708715615
0.708715462
0.708705415
0.708683
0.708675108
0.708668615
0.708666385
0.708658231
0.708643154
0.708607438
0.708572308
0.708555577
0.708552738
0.708550308
0.708537692
0.708526969
0.708524954
0.708517431
0.708468769
0.7084592
0.708425308
0.708387385
0.708336385
0.708332462
0.708330869
0.708324362
0.708299415
0.708277615
0.708271262
0.708256177
0.708255692
0.708249
0.708235846
0.708227615
0.708221538
0.708217669
0.708199508
0.708181923
0.70818
0.708172846
0.708171492
0.708155692
0.708150362
0.708142077
0.7081361
0.708133308
0.708100846
0.708081585
0.708076231
0.708069892
0.708062692
0.708042692
0.708038538
0.708034615
0.708029408
0.707989692
0.707987408
0.707946192
0.707941969
0.707940231
0.707921308
0.707917123
0.7078875
0.707884462
0.70788
0.707878538
0.707862192
0.707852654
0.707835154
0.707825538
0.707799077
0.707785308
0.707780462
0.707777154
0.707764077
0.707762
0.707751769
0.707737923
0.707724308
0.7076909
0.707683385
0.707641462
0.707637438
0.707634385
0.707611346
0.707611077
0.707606077
0.707605769
0.707597692
0.707597692
0.707595031
0.707572538
0.707563346
0.707549231
0.707548946
0.707522385
0.707513615
0.707505346
0.707501846
0.707497692
0.707492692
0.707480462
0.707477746
0.707474715
0.707429769
0.707428046
0.707422385
0.7074191
0.707416031
0.707395769
0.707379262
0.707347669
0.707335385
0.707313285
0.707304662
0.707300031
0.707286185
0.707284808
0.707283462
0.707227492
0.707220923
0.707210462
0.707180962
0.707170508
0.707169615
0.707132954
0.707132954
0.707129154
0.707117231
0.707095038
0.707079846
0.707042815
0.707037154
0.707036123
0.707033508
0.707024792
0.707015308
0.707004023
0.706996615
0.706987108
0.706983692
0.706980615
0.706971923
0.706913846
0.706880615
0.706878154
0.706858231
0.706854646
0.706837077
0.706835615
0.706826615
0.706814577
0.706777438
0.706775969
0.706772808
0.706772385
0.706767077
0.706763154
0.706761615
0.706761462
0.706755654
0.706707154
0.706666569
0.706660846
0.706647
0.706629662
0.706623108
0.706616185
0.706609946
0.7065928
0.706543077
0.706500615
0.706485923
0.706481308
0.706467538
0.706467308
0.706460538
0.706460385
0.706435715
0.706431823
0.706431154
0.706422077
0.706415538
0.706409231
0.706404492
0.706383077
0.706366669
0.706357308
0.706337508
0.706312538
0.706312385
0.706309462
0.706283131
0.706247046
0.706223431
0.706209692
0.706207231
0.7061752
0.706169462
0.706168869
0.706166577
0.706147
0.706145538
0.706141077
0.706121646
0.706075077
0.706070615
0.706068738
0.706066231
0.706036962
0.705999408
0.705989538
0.705988231
0.705984846
0.705978846
0.705952385
0.705951269
0.705940585
0.705939231
0.705929262
0.705919038
0.705911923
0.705885077
0.705874846
0.705850692
0.705842877
0.705834354
0.705811654
0.705804385
0.705770115
0.705763423
0.7057615
0.705739262
0.705730077
0.705707254
0.705698154
0.705646046
0.705616385
0.705586123
0.705569569
0.705550769
0.705540308
0.705522923
0.705512485
0.705502462
0.705475538
0.705475
0.705470077
0.705467538
0.705445269
0.705416846
0.705396485
0.705384308
0.705374208
0.7053638
0.705358154
0.70532
0.705310792
0.705258569
0.705252692
0.705238577
0.705213
0.705199231
0.705176154
0.705165692
0.705165077
0.705164
0.705160592
0.705151
0.705130923
0.705122946
0.705092308
0.705089892
0.705072
0.705054923
0.705053692
0.705003646
0.704977615
0.704968308
0.704959723
0.704951885
0.704929046
0.704924508
0.704898231
0.704893423
0.704867431
0.704863538
0.704859154
0.704851885
0.704833731
0.704826231
0.704765077
0.704756615
0.704736
0.704732538
0.704732031
0.704730792
0.70473
0.704700231
0.704691692
0.704683846
0.704678615
0.704673923
0.704650515
0.704648538
0.704596231
0.704580308
0.704570846
0.704566885
0.704559408
0.704555462
0.704542615
0.704525846
0.704513846
0.704491185
0.704476646
0.704448923
0.704408108
0.704401538
0.704394485
0.704387923
0.704377338
0.704374538
0.704370277
0.704368
0.704352808
0.704347846
0.704340569
0.704327462
0.704279077
0.704274692
0.704271792
0.704247462
0.704235892
0.704212615
0.704208615
0.704203385
0.704187431
0.704184769
0.704173123
0.704160331
0.704155615
0.704148615
0.704140431
0.704119662
0.704105308
0.704095615
0.704091423
0.704085231
0.704070423
0.704068362
0.704053923
0.704048046
0.704017923
0.704009538
0.704005538
0.703998023
0.703976662
0.703960846
0.703929846
0.703918923
0.703912538
0.703904077
0.703879308
0.7038718
0.703868462
0.703863231
0.703849923
0.703839431
0.703822769
0.703812692
0.703796515
0.703783462
0.703747462
0.703746615
0.703744154
0.703741538
0.703719385
0.703700185
0.703689769
0.703681338
0.703657308
0.703644662
0.703644154
0.703641769
0.703633885
0.703626923
0.703602846
0.703600185
0.703594823
0.703575538
0.703565569
0.703552846
0.703521615
0.703515615
0.703510415
0.703496662
0.703492385
0.703467038
0.703456815
0.703456354
0.703422562
0.703402023
0.703392077
0.703388308
0.703381346
0.703373692
0.703347462
0.703334231
0.703325923
0.703306885
0.703287308
0.703281023
0.703257308
0.703234231
0.703221231
0.703209769
0.703205877
0.703185
0.703175077
0.703154615
0.703141846
0.703141046
0.703121846
0.703113462
0.703101431
0.703098615
0.703097492
0.703096385
0.703052769
0.7030388
0.703033615
0.702962969
0.702961177
0.702956538
0.702953769
0.702949123
0.702943346
0.702936385
0.702934815
0.702916692
0.702887692
0.702886308
0.702866408
0.702825231
0.702824962
0.702824731
0.702814538
0.702810154
0.702782923
0.702778654
0.702771269
0.7027665
0.702748023
0.702733123
0.702721923
0.702720615
0.702717077
0.702714415
0.702710308
0.702707815
0.702686585
0.702671615
0.702657769
0.702649031
0.702637338
0.7026185
0.702615538
0.702614877
0.702592269
0.702564692
0.702563692
0.702553154
0.7025522
0.702551462
0.702543154
0.702539823
0.702491692
0.702489231
0.702476
0.702469462
0.702459946
0.702459354
0.702458892
0.702439615
0.702421208
0.702403077
0.702402077
0.702397277
0.702347308
0.702343923
0.702324969
0.702320692
0.702317692
0.702316485
0.702263846
0.702248385
0.702207385
0.702187738
0.702182538
0.702173346
0.702167338
0.702119846
0.702114846
0.702075269
0.702069231
0.702064231
0.702020692
0.702004308
0.701995692
0.701988462
0.701981969
0.701966077
0.701965646
0.701963462
0.701926538
0.701906954
0.701825346
0.701810231
0.701800492
0.701781615
0.701777846
0.701775646
0.7017468
0.701739877
0.701716923
0.701687792
0.701647923
0.701629108
0.701625
0.701614538
0.701614231
0.701584846
0.701583385
0.701569638
0.701517415
0.701493923
0.701476231
0.701476231
0.701453638
0.701446485
0.701440346
0.701408662
0.701399154
0.701389492
0.701370308
0.7013519
0.701329692
0.701313662
0.701300923
0.701297
0.7012845
0.701233692
0.701215846
0.701209385
0.701203538
0.701189692
0.701187538
0.701182615
0.701174962
0.701171115
0.701160569
0.701123231
0.701121923
0.701119462
0.701115954
0.701104038
0.701099077
0.701079277
0.701031
0.701008669
0.700995692
0.700995308
0.700988492
0.700978923
0.700938423
0.700923462
0.700906923
0.700903577
0.700884308
0.700879
0.700860438
0.700855669
0.700847277
0.700838923
0.700833569
0.700806192
0.700791385
0.700790538
0.700776923
0.700774615
0.700766846
0.700763415
0.700744769
0.700717231
0.700698077
0.7006868
0.700673308
0.700673185
0.700666031
0.700658308
0.700603692
0.700530177
0.700521746
0.700504923
0.700490923
0.700479331
0.700476923
0.700465692
0.700465308
0.700462738
0.700452615
0.700443308
0.700434031
0.700422769
0.700415769
0.700414615
0.7004062
0.700375346
0.700366592
0.700357969
0.700354846
0.700288462
0.700284769
0.700279231
0.700260769
0.700260538
0.700259154
0.700236462
0.700228946
0.700228308
0.700208154
0.700181692
0.700181154
0.700165923
0.700165385
0.700155308
0.700141692
0.700137308
0.700129177
0.700121385
0.700112077
0.700078308
0.700077308
0.700077277
0.700076769
0.700071
0.700032308
0.700020692
0.700019462
0.699999562
0.699991123
0.699918731
0.699875308
0.69984
0.699793923
0.699793231
0.699708046
0.699702077
0.699690692
0.699671185
0.699660277
0.699648769
0.699644077
0.699629277
0.699626346
0.699608969
0.699585923
0.699556615
0.699540923
0.699516262
0.699503385
0.699476923
0.699476277
0.699474385
0.699469385
0.699459815
0.699450285
0.699433692
0.699375731
0.699368538
0.699343385
0.699333538
0.699326
0.699297692
0.699274262
0.699269362
0.699268385
0.6992418
0.699231715
0.699196846
0.699187769
0.699183115
0.699164269
0.699122462
0.699102538
0.699063815
0.699049692
0.699043638
0.699041769
0.699020538
0.698987154
0.698983231
0.698980538
0.698979231
0.698959046
0.698947262
0.698937177
0.698920262
0.698918746
0.698918615
0.698905723
0.698861769
0.698859277
0.698849423
0.698821231
0.698804846
0.698769731
0.698747
0.698728308
0.698725385
0.698710769
0.698706538
0.698695962
0.698677669
0.698661577
0.698658962
0.698644
0.698643077
0.698638231
0.698636308
0.698630577
0.698602569
0.698579923
0.698575331
0.698558646
0.698553077
0.698548462
0.698538385
0.698497692
0.6984972
0.698486385
0.698485646
0.698480308
0.6984785
0.698440715
0.698414815
0.698398262
0.698395877
0.698322615
0.698322615
0.698313115
0.698305185
0.698295385
0.698282492
0.698255254
0.698224923
0.698186385
0.698175692
0.698134615
0.698102808
0.698090154
0.698070231
0.698057846
0.698032154
0.698026923
0.698025769
0.698021969
0.698002615
0.698001569
0.698001462
0.697986115
0.697956731
0.697941869
0.697889923
0.6978488
0.697834492
0.697813231
0.697809692
0.697808231
0.697800977
0.697787723
0.697778846
0.697764538
0.697737308
0.697700462
0.697623031
0.697602538
0.697590692
0.697545046
0.697543
0.697536192
0.697521
0.697504923
0.697497038
0.697488769
0.697459385
0.697459308
0.697435185
0.697427669
0.697425462
0.697422346
0.697420231
0.697412385
0.697411846
0.697390846
0.697376154
0.697369231
0.697360846
0.697352615
0.697351077
0.697319692
0.697316154
0.697306077
0.697281385
0.697275585
0.697264262
0.697227692
0.697223177
0.697185615
0.697180538
0.697178077
0.697173615
0.6971655
0.697133538
0.6971058
0.697087615
0.697072154
0.697071154
0.697051615
0.697046538
0.697041885
0.697024738
0.697020231
0.697003846
0.696969462
0.696963769
0.696953769
0.696943815
0.696924385
0.696919885
0.696912
0.696910438
0.696904615
0.696891177
0.696888569
0.696842846
0.696840331
0.696826669
0.696820538
0.696787692
0.696781877
0.696759269
0.696756338
0.696740923
0.696733638
0.696674231
0.696671077
0.696664462
0.696646892
0.696641538
0.696617185
0.696615154
0.696608615
0.696606154
0.696596923
0.696590615
0.696581077
0.696538615
0.696512077
0.696484308
0.696473123
0.696448538
0.696416846
0.696355977
0.696332
0.696326462
0.696325254
0.696297
0.696269
0.696267538
0.696218792
0.696204077
0.696200462
0.696198538
0.696188615
0.696176885
0.696158177
0.696127154
0.696117462
0.696095
0.696074769
0.696051262
0.696027769
0.696020231
0.696016154
0.696005846
0.695997308
0.695983538
0.695959877
0.695958731
0.695942462
0.6959331
0.695916738
0.695883038
0.695881569
0.695868231
0.695861
0.695832877
0.695831462
0.695800415
0.6957895
0.695779646
0.695727515
0.695719
0.695697115
0.695695231
0.695675385
0.695661769
0.695660438
0.6956498
0.695622077
0.695615154
0.695602
0.695570769
0.695567615
0.695567269
0.695544077
0.695531923
0.695528115
0.695516538
0.695510185
0.695507462
0.695505923
0.695496077
0.695436646
0.695430308
0.695426923
0.695425692
0.695422308
0.695415
0.695405415
0.695403585
0.695399538
0.695388615
0.695335769
0.695323115
0.695314731
0.695304308
0.695300154
0.695273415
0.695255946
0.695249154
0.695236231
0.695232769
0.695213154
0.695188731
0.695152285
0.695107231
0.695106769
0.695089692
0.695045385
0.695040538
0.695018538
0.695015308
0.695011385
0.694987038
0.694963
0.694952769
0.694951185
0.694950462
0.694933715
0.694916231
0.694910385
0.694859715
0.694843462
0.694839308
0.694829
0.694803962
0.694799231
0.694783192
0.694729615
0.694696492
0.694671638
0.694601154
0.694585485
0.694575154
0.694504538
0.6944942
0.694492185
0.694488538
0.694472615
0.694471
0.694449269
0.694446462
0.694435
0.694434769
0.694407592
0.694394692
0.694383154
0.6943782
0.694372
0.694353715
0.694331
0.694327723
0.694318277
0.694315846
0.694298977
0.69424
0.694237577
0.694235615
0.694224615
0.694221538
0.694185815
0.694154615
0.694148308
0.694141462
0.694136023
0.694124746
0.694090954
0.6940739
0.694071154
0.694053954
0.694035431
0.693993846
0.693986277
0.693962846
0.693953362
0.693953154
0.693946569
0.693928385
0.693926846
0.693914338
0.693905492
0.6938789
0.693874038
0.693865923
0.693862346
0.693836346
0.693821692
0.693786769
0.693782308
0.693753408
0.693701462
0.693690615
0.693669638
0.693663362
0.693661231
0.693657123
0.693647615
0.693628846
0.693613431
0.693572231
0.693567485
0.693551577
0.693539423
0.693527646
0.693505154
0.693493
0.693451808
0.693408769
0.693403923
0.693362723
0.693314769
0.693309354
0.693295046
0.693284462
0.6932751
0.693269738
0.693257
0.693247538
0.693198715
0.693187308
0.693150346
0.693142308
0.693136154
0.693092
0.693082262
0.693078154
0.693078
0.693065769
0.693054846
0.693054615
0.693053969
0.692980338
0.692970231
0.692965385
0.692962
0.692945692
0.692942185
0.692920538
0.692901569
0.692898308
0.692886438
0.692885077
0.692876462
0.692846538
0.692811769
0.692808615
0.692804408
0.692774462
0.692755692
0.692722538
0.692707669
0.692706923
0.692703815
0.69265
0.692636308
0.692600231
0.692591385
0.692583646
0.692581538
0.692556923
0.692545462
0.692544769
0.692480115
0.692479615
0.692450923
0.692440692
0.692439923
0.692427692
0.692405108
0.692388692
0.692324615
0.692308
0.692303177
0.692277508
0.692243669
0.692240231
0.692232208
0.692223231
0.692222254
0.692214154
0.692198462
0.692189654
0.692101946
0.692094654
0.692085031
0.692064154
0.692017385
0.691977508
0.691963308
0.691936792
0.691932669
0.691930846
0.691907154
0.691906692
0.691884077
0.691823731
0.691798423
0.691793769
0.691792692
0.691789692
0.691759462
0.691754692
0.691748846
0.691730538
0.691701723
0.691696269
0.691688562
0.691680815
0.691668438
0.6916639
0.691660962
0.691646885
0.691613154
0.691598923
0.691592462
0.691588923
0.691583108
0.691580231
0.691575
0.691557462
0.691556654
0.691544846
0.691531615
0.691530846
0.691526485
0.691502846
0.691497462
0.691495154
0.691492692
0.691449
0.691448
0.691438385
0.691397923
0.691380962
0.691371692
0.691371423
0.691360385
0.691344538
0.691340792
0.691336808
0.691328923
0.691320023
0.691301077
0.691290769
0.691279846
0.691271423
0.691264046
0.691257577
0.691253308
0.691238277
0.691219431
0.691208654
0.691188462
0.691182108
0.691175231
0.691165385
0.691148385
0.691144462
0.691131354
0.691098385
0.691093438
0.691086423
0.691034538
0.691028192
0.690984462
0.690975054
0.690931354
0.690929
0.690906308
0.6908972
0.6908668
0.690830923
0.690829
0.690827923
0.690798254
0.690791615
0.690789769
0.690788231
0.6907768
0.690776385
0.690771662
0.690748308
0.690721731
0.690721231
0.690700077
0.690677538
0.690677154
0.690646615
0.690641385
0.690630385
0.690626846
0.690609585
0.690575462
0.690541462
0.690527769
0.690526154
0.690507385
0.690472769
0.690471538
0.690469692
0.690459423
0.690454154
0.690443231
0.690380654
0.690377154
0.690373046
0.690363877
0.690327846
0.690325362
0.690322077
0.690309231
0.690261585
0.690249923
0.690248923
0.690213077
0.690211154
0.6901979
0.690185308
0.690174769
0.690139715
0.690131046
0.690117
0.690100192
0.690089385
0.690084692
0.690046538
0.690021231
0.690015054
0.689996077
0.689992077
0.689989515
0.689963769
0.689927338
0.689924846
0.689888538
0.689820231
0.689791846
0.689788769
0.689787592
0.689708462
0.689693308
0.689683308
0.689664615
0.689637662
0.689637231
0.689636192
0.689635538
0.689622577
0.689605792
0.689572415
0.689571038
0.689545408
0.689501808
0.689493738
0.689482508
0.689481385
0.689449692
0.68942
0.6894052
0.689394462
0.689376269
0.689363892
0.689335308
0.689330385
0.689323038
0.689312846
0.689308308
0.689299231
0.689286846
0.689251515
0.6892058
0.689201077
0.689191592
0.689190385
0.689186692
0.689154038
0.689146846
0.689136
0.689081462
0.689079462
0.689067077
0.6890589
0.689054731
0.689032692
0.689026077
0.689014792
0.688989615
0.688976615
0.688975177
0.688951569
0.688921462
0.688879769
0.688861923
0.688855738
0.688853077
0.688819
0.688813192
0.688786077
0.688771877
0.688716954
0.688705769
0.688692515
0.688685038
0.688679615
0.688666308
0.688656077
0.688635308
0.688590154
0.688586462
0.688554231
0.688547492
0.688532923
0.688517231
0.688516723
0.688491077
0.688463585
0.688459277
0.688415723
0.688405038
0.688399846
0.688393769
0.688388023
0.688353769
0.688346715
0.688341715
0.688332
0.688313569
0.688254423
0.688197431
0.688195077
0.688186462
0.688181385
0.688174692
0.688128462
0.688119115
0.688084046
0.688065077
0.6880635
0.688059615
0.688049654
0.688042962
0.688026462
0.688026308
0.687989846
0.687980385
0.687972031
0.687960846
0.687960108
0.687959977
0.687943285
0.687941385
0.687917423
0.687912562
0.687899177
0.687856354
0.687856
0.687828615
0.687824846
0.687722885
0.687711692
0.687704231
0.687664977
0.687625592
0.687612462
0.687577
0.687562769
0.687546823
0.687526415
0.687494231
0.687490562
0.687488269
0.687483769
0.687480846
0.687475769
0.687461615
0.687420385
0.687419362
0.687398615
0.687392769
0.687360308
0.687351615
0.687338438
0.687280846
0.687250354
0.687248923
0.687216692
0.687154115
0.687141969
0.687109415
0.687107077
0.687102077
0.687083192
0.687082177
0.687078877
0.6870648
0.687062508
0.687041154
0.687027846
0.687017385
0.686996154
0.686993846
0.686976462
0.686971038
0.686969662
0.686946538
0.686941385
0.686941231
0.686932154
0.686915331
0.686895438
0.686841746
0.686776731
0.686770769
0.686766277
0.686759462
0.686748615
0.686738231
0.686714615
0.686682646
0.686649846
0.686620846
0.686615108
0.68661
0.686569308
0.686563346
0.686536
0.686519846
0.686513277
0.686489208
0.686484346
0.686457462
0.686453492
0.686428615
0.686402692
0.686397615
0.686385723
0.686332
0.686329538
0.686321808
0.686311492
0.686309385
0.686306
0.686243769
0.686237946
0.686206954
0.686205615
0.686199
0.686185538
0.686146662
0.686145615
0.686129192
0.686115231
0.686108538
0.686099438
0.686069615
0.686055692
0.686036485
0.686027731
0.686012277
0.686003431
0.685996615
0.685963077
0.685949385
0.685935
0.685898108
0.685893
0.685866231
0.685864077
0.685859615
0.685855692
0.6858469
0.685845769
0.685827462
0.6857795
0.685777346
0.685776792
0.685752615
0.685742385
0.685732846
0.685707846
0.685703431
0.685694308
0.685686515
0.685673538
0.685655431
0.6856502
0.685641692
0.685633692
0.685632846
0.685632308
0.685631231
0.685597108
0.685592
0.685579046
0.685555431
0.685544885
0.685536462
0.685529569
0.685510231
0.685486792
0.685484231
0.685460769
0.685449692
0.685415954
0.685394077
0.685391423
0.685385308
0.685368462
0.685324346
0.685304723
0.685292023
0.685291308
0.685283585
0.685259923
0.685252177
0.685252
0.685226154
0.685220231
0.685197346
0.685178
0.685159077
0.685157962
0.6851349
0.685111923
0.685105154
0.685078408
0.685078269
0.685071715
0.685064077
0.685062962
0.685051462
0.685042277
0.685023615
0.685017615
0.685007892
0.684978277
0.684953331
0.684947738
0.684947185
0.684937192
0.684923923
0.684873738
0.684823485
0.684806692
0.684798815
0.684764308
0.684716792
0.684708385
0.684668192
0.684662
0.684654923
0.684638077
0.684577846
0.684571585
0.684567462
0.684554
0.684545954
0.684536692
0.684518262
0.6845168
0.684511308
0.684506115
0.684503923
0.684492615
0.684478877
0.684472846
0.684472308
0.684446185
0.684410923
0.684406438
0.684392815
0.684383154
0.684382769
0.684364538
0.684352846
0.684352154
0.684342538
0.684340077
0.684316662
0.684275492
0.684271823
0.684270462
0.684250538
0.684244846
0.684230877
0.684211023
0.684168569
0.684143385
0.6841185
0.684105615
0.684087508
0.684082
0.684067846
0.684046423
0.684043715
0.684037154
0.684025769
0.684025154
0.684023308
0.684013462
0.684013
0.6840091
0.684006946
0.684003185
0.683985615
0.683966462
0.683958
0.683947115
0.6839462
0.683942308
0.683939846
0.683927231
0.683903508
0.683902823
0.683895154
0.683894385
0.683880692
0.683876923
0.683861077
0.683849
0.683839077
0.683838538
0.683819077
0.683777885
0.683766
0.683764154
0.683750285
0.683748354
0.683745538
0.683743492
0.683732231
0.683720154
0.683708231
0.683674231
0.683664615
0.683654538
0.683642154
0.683636115
0.683622077
0.683615538
0.683613738
0.683613077
0.683594769
0.683588569
0.683588431
0.683583115
0.683579946
0.683556385
0.683551892
0.683551769
0.683551231
0.683544308
0.683535769
0.683519792
0.683517462
0.683513846
0.683510923
0.683498
0.683483115
0.683453362
0.683426808
0.683415808
0.683404346
0.683381285
0.683377769
0.683367308
0.683347
0.6833391
0.683328538
0.683322308
0.683320031
0.683319923
0.683303846
0.683268308
0.683268154
0.683263154
0.683250077
0.683212646
0.683182231
0.683151769
0.683148154
0.683128077
0.683109462
0.683098231
0.683087108
0.683060769
0.683057492
0.683027923
0.683003385
0.682983231
0.682958692
0.682922231
0.682922231
0.682869692
0.682860385
0.682853923
0.682844923
0.682843231
0.682814946
0.6827978
0.682795846
0.682787692
0.682780923
0.682763308
0.682749338
0.682744108
0.682743
0.682723338
0.682682615
0.6826641
0.682650769
0.682649308
0.682619538
0.682572615
0.682548462
0.682541615
0.682516877
0.6825155
0.682469615
0.682466692
0.682451492
0.682430615
0.682422077
0.682413231
0.682394869
0.682392154
0.682385308
0.682326969
0.682316746
0.682309177
0.682309
0.682303262
0.682302538
0.682296308
0.682296308
0.682276385
0.682262408
0.682257415
0.682236769
0.682220615
0.682140954
0.682135731
0.682130231
0.682123231
0.682101077
0.682093154
0.682069385
0.682067277
0.682039077
0.681997538
0.681993154
0.681970154
0.681968231
0.681957231
0.681946231
0.681942154
0.681927692
0.681923808
0.681923262
0.681918538
0.681902308
0.681901892
0.681896
0.681875308
0.681861615
0.681850615
0.681808231
0.681799308
0.681786123
0.681779154
0.681771769
0.681722231
0.681671154
0.681651154
0.681641885
0.681590615
0.681587185
0.681555
0.681524769
0.681523923
0.6815108
0.681504692
0.681481362
0.681468385
0.681461185
0.681439077
0.681429
0.681378792
0.681373615
0.681371385
0.681366508
0.681349769
0.681314308
0.681289769
0.681262538
0.681254
0.681239308
0.681231769
0.681228177
0.681227154
0.681195354
0.681194231
0.681186308
0.681182615
0.681163769
0.681152115
0.681147846
0.681141154
0.681140515
0.681139615
0.681093615
0.681093
0.6810832
0.681065231
0.681034231
0.681028277
0.681023869
0.681010308
0.680997154
0.680988569
0.680951
0.680939462
0.680938
0.680936808
0.680934077
0.680917962
0.680897423
0.680829562
0.6808098
0.680809538
0.680802054
0.680709308
0.680692746
0.680690731
0.680676154
0.680675646
0.680672
0.680632538
0.680630892
0.680625923
0.680623877
0.680608792
0.680589954
0.680587431
0.680574038
0.680571154
0.680551231
0.680549385
0.680537823
0.680490308
0.680488846
0.680483923
0.680478354
0.680469308
0.680459308
0.680408692
0.680405923
0.680401
0.680387154
0.6803812
0.680377254
0.680374308
0.680369308
0.680332385
0.680295846
0.680294
0.680278077
0.680253385
0.680252592
0.680240154
0.680184962
0.680175154
0.680172946
0.680172715
0.680157308
0.6801541
0.68015
0.680128385
0.680078692
0.680066462
0.680062538
0.680029846
0.679993954
0.679977692
0.679977354
0.679976023
0.679973
0.679964331
0.679950577
0.679922077
0.679854692
0.679799077
0.679765769
0.679753885
0.679748385
0.679733462
0.679733338
0.679706615
0.679696077
0.679692123
0.679658846
0.679651077
0.679596892
0.679580231
0.679572692
0.679557
0.679548885
0.679544462
0.679532385
0.679489154
0.679477308
0.679470808
0.6794642
0.679454208
0.679431877
0.679430408
0.679414046
0.679412231
0.679407
0.679385615
0.679383877
0.679348431
0.679327308
0.679323031
0.679273308
0.679268923
0.679252515
0.679219462
0.679210846
0.679184769
0.679184154
0.679139038
0.679128723
0.679115615
0.679070538
0.679060692
0.679051308
0.679036308
0.679034385
0.679015923
0.679000077
0.678974438
0.678964
0.678957154
0.678936
0.678935877
0.678920077
0.678898692
0.678898077
0.678894923
0.678886692
0.678876231
0.678835969
0.678826077
0.678821892
0.678813869
0.678784769
0.678781308
0.678779892
0.678770923
0.678752538
0.678748846
0.678707362
0.678661054
0.678660408
0.678655185
0.678653538
0.678649385
0.678642231
0.678616231
0.678591923
0.678561285
0.678552385
0.678517308
0.678517269
0.6784948
0.678474123
0.678458577
0.678434154
0.678429769
0.678428846
0.678385538
0.678365508
0.678348
0.678344046
0.678330077
0.678294
0.678290954
0.678283769
0.678277538
0.678237692
0.678217769
0.678194346
0.678174269
0.678171746
0.678141692
0.678053
0.678029154
0.678023877
0.678008569
0.678007285
0.678000538
0.677982
0.677976562
0.677976077
0.6779552
0.677926262
0.677920154
0.677912308
0.677901077
0.677879231
0.677865423
0.677864415
0.677861615
0.677835308
0.677833462
0.677828615
0.677823692
0.677690769
0.677681077
0.677649231
0.677597108
0.677591615
0.677585692
0.677570846
0.677514231
0.677479615
0.677468408
0.677452538
0.677447638
0.677420077
0.677408615
0.677402692
0.677388231
0.677351077
0.677269615
0.677250715
0.677223923
0.677218254
0.677209231
0.677204538
0.677196538
0.677177923
0.677177385
0.677156154
0.6771548
0.677103154
0.677091115
0.677087
0.677084308
0.677051846
0.677035846
0.676989415
0.676988308
0.676976077
0.676940692
0.676935269
0.676924692
0.676915308
0.676904277
0.676888077
0.676881385
0.676837562
0.676814308
0.676805538
0.676805231
0.676794415
0.676781154
0.676760692
0.676753462
0.676704046
0.676697
0.676684615
0.676672538
0.676658108
0.676652154
0.676623462
0.676619408
0.676597308
0.676566692
0.676554715
0.676521154
0.676502077
0.676477046
0.676474569
0.676458692
0.676446508
0.676440231
0.676438692
0.676419308
0.6763892
0.676374231
0.676372769
0.676348485
0.676347
0.676331108
0.676323308
0.676317723
0.676296723
0.676296462
0.676289892
0.676273462
0.676255177
0.676243538
0.676225308
0.676201354
0.676112923
0.6760948
0.676069946
0.676041308
0.676030692
0.676030538
0.676024192
0.676021
0.676019077
0.676008508
0.675992231
0.675985154
0.675972423
0.675952462
0.675915385
0.675903285
0.675892846
0.675872423
0.675864769
0.675847846
0.675843492
0.675839508
0.675818923
0.675811308
0.675801362
0.675791823
0.675751615
0.675744923
0.675740692
0.675735769
0.675693662
0.675683615
0.675679946
0.675651846
0.675647485
0.675643462
0.675638046
0.675633046
0.675588208
0.675567923
0.675552346
0.675550077
0.675515154
0.675488308
0.675483438
0.675477
0.675463031
0.675461385
0.675435692
0.675427462
0.675426585
0.675416769
0.675409615
0.675405815
0.675394692
0.675386462
0.675367023
0.675358692
0.675351231
0.675349923
0.675335346
0.675322385
0.675270538
0.675243
0.675226077
0.675208154
0.675205538
0.675203462
0.675173354
0.675169869
0.675169615
0.675151692
0.67513
0.675099954
0.675094385
0.675090646
0.675070846
0.675053231
0.675012654
0.674989308
0.674977254
0.674969877
0.674956031
0.674946492
0.6749458
0.674935485
0.674920269
0.674875423
0.674858308
0.674852
0.674846262
0.674845462
0.674830262
0.674829538
0.674818077
0.6748138
0.674806923
0.674804723
0.674795846
0.674779538
0.674769462
0.674739231
0.674719077
0.674707462
0.674695508
0.674688038
0.674685654
0.674682946
0.674669969
0.674654308
0.674611285
0.674609692
0.674606308
0.674595846
0.674588038
0.674547385
0.674546769
0.674542877
0.674481538
0.674480385
0.674472385
0.674472154
0.674390385
0.674389415
0.674376769
0.674368738
0.674346231
0.674324385
0.674291923
0.674281154
0.674245492
0.674238923
0.674221192
0.674177592
0.674154615
0.674150846
0.674130615
0.674117208
0.6741051
0.674104969
0.674098769
0.674081946
0.674051869
0.674019769
0.673999077
0.673993508
0.673881231
0.673880385
0.673868692
0.673866692
0.673866408
0.673858308
0.673852192
0.673840769
0.673831423
0.673801538
0.673799192
0.673770231
0.673754769
0.6737251
0.673697385
0.673693154
0.673592923
0.673581154
0.673576615
0.6735738
0.673540877
0.673538723
0.673511385
0.673477385
0.673448308
0.673446885
0.673443492
0.673438954
0.673410538
0.673396308
0.673321308
0.673277923
0.673257892
0.673254538
0.673231023
0.673224877
0.673203969
0.673189538
0.673184846
0.673151338
0.673144538
0.673122038
0.673098
0.673090262
0.673072538
0.673066538
0.673058923
0.673057577
0.673054962
0.672998
0.672942846
0.672866154
0.6728629
0.672862615
0.672840615
0.672836538
0.672823285
0.672775185
0.672733385
0.672712462
0.672656692
0.672652154
0.672650154
0.672630308
0.672615123
0.672520723
0.672518923
0.672495615
0.672480738
0.672470077
0.672462262
0.672457077
0.672450108
0.672415269
0.672386692
0.6723845
0.672378954
0.672319346
0.672305154
0.6722812
0.672264846
0.672251308
0.672225231
0.672216462
0.672199462
0.672191923
0.672183846
0.672172354
0.672170769
0.672163231
0.672158738
0.672154769
0.672089962
0.672084962
0.672075077
0.672026646
0.672018308
0.672014769
0.672014769
0.672008808
0.671997846
0.671983846
0.671980108
0.671968
0.671956038
0.671919385
0.671829715
0.671812431
0.671809269
0.671808808
0.671768923
0.671766154
0.671720615
0.671720385
0.671707254
0.671705285
0.671704185
0.671696615
0.671668077
0.6716598
0.671646962
0.671628923
0.6715698
0.671555231
0.671528485
0.671516846
0.6714935
0.671469769
0.671463462
0.671456185
0.671428262
0.671386308
0.671379538
0.671350131
0.6713472
0.671325692
0.671321569
0.671298615
0.671286462
0.671275
0.671273423
0.671271846
0.671258231
0.671230877
0.671218131
0.671215846
0.671141385
0.671135877
0.671123723
0.671112231
0.671028692
0.670993923
0.670931615
0.670923954
0.670884385
0.670842208
0.670838231
0.670832123
0.670756423
0.670754815
0.670736769
0.670728077
0.670719746
0.670706462
0.670685954
0.670673892
0.670668692
0.670550054
0.670547231
0.670520569
0.670494538
0.670471385
0.670460646
0.670446462
0.670407615
0.670406362
0.670380308
0.670355846
0.670323508
0.670321262
0.670318877
0.670279954
0.670278615
0.670273308
0.670270646
0.670234308
0.670232308
0.670209846
0.670206
0.670204669
0.670202054
0.670196415
0.670154462
0.670143185
0.670130154
0.670114115
0.670101231
0.670099462
0.670095923
0.670088846
0.670048385
0.670046
0.670030615
0.670023977
0.6700021
0.669932385
0.669922615
0.6699198
0.669910131
0.6698602
0.669858231
0.669850569
0.669848046
0.669838308
0.669816462
0.669812515
0.6697812
0.669778923
0.669764308
0.669755662
0.669737308
0.669723108
0.669700277
0.669693462
0.669688615
0.669681923
0.6696751
0.6696315
0.669624231
0.669611923
0.669587154
0.669569385
0.669563769
0.669562723
0.669535354
0.669510962
0.669504723
0.669485923
0.669459308
0.669450808
0.669429615
0.669398815
0.669385692
0.669369615
0.669339846
0.669321646
0.669317769
0.669290654
0.669269308
0.669265115
0.669261
0.669240585
0.669204962
0.669204731
0.669165346
0.669152231
0.669126
0.669125638
0.669119154
0.669092123
0.669069462
0.669045077
0.669043846
0.669039769
0.669008769
0.668975208
0.668972462
0.668932923
0.668915846
0.668906338
0.668890615
0.668864431
0.6688615
0.668860492
0.668783308
0.668778846
0.668742154
0.668722208
0.668673
0.668649354
0.668645692
0.668615692
0.6686035
0.668525646
0.668520923
0.668514692
0.668501485
0.668495769
0.668457331
0.668342231
0.668333923
0.668322123
0.668314969
0.668302692
0.668298923
0.668298646
0.668279077
0.668267692
0.668254077
0.668248846
0.668212385
0.668179846
0.668169769
0.668133692
0.668129969
0.668091269
0.668082738
0.668082154
0.668060962
0.668054815
0.668047462
0.668016846
0.668014654
0.667995769
0.667994615
0.667992692
0.667990846
0.667987
0.667963385
0.667955385
0.667952692
0.667909923
0.667906231
0.667863262
0.667834646
0.667830385
0.667818192
0.667807869
0.667778615
0.6677645
0.667739923
0.667716769
0.667709692
0.667688431
0.6676435
0.667642385
0.667624769
0.667602054
0.667586154
0.667518077
0.667507769
0.667493308
0.667464277
0.667455615
0.667432538
0.667419385
0.667416362
0.667331692
0.667330615
0.667326954
0.667319154
0.667308692
0.667308338
0.667287846
0.667283715
0.667251123
0.667224662
0.667202538
0.667187569
0.667186692
0.667172692
0.667145023
0.667142154
0.667140077
0.667123338
0.6671182
0.667078462
0.667076308
0.667054923
0.667039108
0.667036154
0.667035
0.667021154
0.667016
0.666995508
0.666995231
0.666986692
0.666982923
0.666903923
0.666894
0.666883308
0.666865077
0.666829115
0.666826462
0.666820846
0.666817338
0.666797308
0.666766231
0.666760115
0.666706385
0.666695077
0.666685654
0.666667308
0.666666538
0.666652077
0.6666515
0.666640538
0.666633154
0.666572769
0.666557692
0.666546408
0.666545692
0.666506654
0.666506615
0.666360123
0.666358654
0.666295923
0.666263846
0.666258077
0.666243569
0.666220877
0.666215285
0.666121615
0.666095846
0.666031331
0.666027662
0.666013923
0.665998415
0.665965
0.665896462
0.665890462
0.665817354
0.665741846
0.665740646
0.665733615
0.665726308
0.665686692
0.665674577
0.665674346
0.665642385
0.665607231
0.665567846
0.665528231
0.665527538
0.665526346
0.665522692
0.665496769
0.665463254
0.665436231
0.665399077
0.6653821
0.665369154
0.665363923
0.665361769
0.665330692
0.665324692
0.665316808
0.665309662
0.665266877
0.665264815
0.6652529
0.665240385
0.665226538
0.665213462
0.665210615
0.665181508
0.665164362
0.665156077
0.665146338
0.665126923
0.665101038
0.665056431
0.665045
0.665022269
0.664983308
0.664979038
0.664976331
0.664971977
0.664906385
0.664902462
0.664870692
0.664860192
0.664852462
0.664844
0.664812415
0.664809385
0.664798208
0.664786692
0.664751346
0.664731615
0.664620462
0.664620262
0.664564692
0.664549154
0.664511962
0.664493385
0.664477308
0.664458231
0.664457131
0.664441492
0.664428462
0.664420492
0.664406615
0.664371115
0.664351154
0.664345485
0.664325354
0.664265431
0.664264969
0.664262269
0.664257769
0.664256031
0.664248385
0.664216185
0.664200877
0.664199592
0.664161308
0.664161154
0.664150115
0.664137231
0.664112569
0.664072
0.664053877
0.664040123
0.663992769
0.663982692
0.663976923
0.663968923
0.663968308
0.663965577
0.663947308
0.663906
0.663862615
0.663833846
0.663816654
0.663790108
0.663757277
0.663750462
0.663740362
0.663738662
0.663728254
0.663719269
0.663709869
0.663708462
0.663686
0.663598615
0.663517023
0.663505462
0.663499285
0.663498692
0.663482462
0.663477185
0.663462646
0.663437462
0.663425646
0.663390923
0.663384231
0.663379154
0.663354123
0.663332692
0.663301769
0.663295431
0.6632665
0.663260538
0.663249585
0.663247338
0.663237692
0.663237231
0.663232023
0.663228308
0.663207538
0.663200892
0.663160462
0.663137115
0.663125077
0.663099338
0.663093077
0.663072769
0.6630511
0.663045738
0.663041846
0.663035769
0.663033723
0.663033692
0.663005385
0.662989615
0.662981308
0.662953485
0.662937
0.662911
0.662907923
0.662897846
0.662885
0.662840969
0.662837846
0.662824231
0.662790077
0.662784923
0.662769262
0.662749638
0.662738692
0.662730792
0.662723462
0.662700154
0.662686923
0.662668538
0.662668538
0.662664038
0.662553354
0.662534154
0.662496385
0.662488569
0.662485038
0.662409115
0.662406231
0.662405
0.662401462
0.662398662
0.662362346
0.662344615
0.662338869
0.662318385
0.662301731
0.662282077
0.6622811
0.662252123
0.662240569
0.662218615
0.662218538
0.662168077
0.662084462
0.662058823
0.662043877
0.662033769
0.662033285
0.662032231
0.662016408
0.661980231
0.661978615
0.661969869
0.661955308
0.661891885
0.661890308
0.661877385
0.661846385
0.661829154
0.661819808
0.661806923
0.661801077
0.661785308
0.661780615
0.661766254
0.661759923
0.661740577
0.661729769
0.661695738
0.661694385
0.661687615
0.661677462
0.661674
0.661673038
0.661609131
0.661583815
0.661580462
0.661539769
0.661539
0.661475615
0.661473538
0.661471077
0.661439769
0.661379846
0.661373923
0.661334385
0.661318615
0.661310077
0.661283731
0.661277492
0.661271154
0.661265254
0.661263077
0.661235592
0.661208615
0.661207538
0.661205969
0.661205462
0.661161131
0.661125185
0.661120692
0.661119815
0.661115054
0.661109962
0.661107023
0.661100846
0.661074538
0.661055308
0.661042923
0.661039846
0.6610372
0.661031
0.661029692
0.660973154
0.660971077
0.660966846
0.660958692
0.66094
0.660916077
0.660914923
0.660883969
0.660874231
0.6608599
0.660846646
0.660835385
0.660834769
0.660823723
0.660815192
0.660809154
0.660768654
0.660759154
0.660758108
0.660743462
0.660741538
0.660717385
0.660686123
0.6606555
0.660654923
0.660648
0.660576923
0.660574692
0.660546746
0.660543
0.660507923
0.660498308
0.660476846
0.660476408
0.660463208
0.660444731
0.660441885
0.660431231
0.660425846
0.660418962
0.660417231
0.660416846
0.660411077
0.660393192
0.660358308
0.660312954
0.660305308
0.660286
0.660234
0.660195385
0.660185031
0.660173
0.660151462
0.660109569
0.6601
0.660088338
0.660069954
0.660063692
0.660051846
0.660049615
0.660034385
0.660029054
0.660021715
0.659995123
0.659984946
0.659949638
0.659907869
0.659876646
0.659871192
0.659863031
0.659853077
0.659840692
0.659833385
0.659821723
0.659812738
0.659798385
0.659777231
0.659769954
0.659765538
0.659751385
0.659737269
0.659724654
0.659707054
0.659662462
0.659645077
0.659623769
0.659614154
0.659588
0.659586738
0.659547
0.659522692
0.659503692
0.659498892
0.659481
0.659475646
0.659465538
0.659444308
0.659433054
0.659420123
0.659368
0.659338969
0.659335
0.659311
0.659285969
0.659285969
0.659275308
0.659260569
0.659227462
0.659226731
0.659210269
0.659083154
0.659073462
0.659062923
0.659053923
0.659020362
0.659016615
0.659007538
0.659007231
0.658997538
0.658948538
0.658929769
0.658884769
0.658862692
0.658858538
0.658857923
0.658851815
0.658829
0.658809815
0.658802308
0.658789
0.658764338
0.658744538
0.658743923
0.658742
0.658741385
0.658732077
0.658700423
0.658694869
0.658686
0.658681846
0.658664338
0.658632615
0.658620869
0.658609408
0.658577077
0.658572408
0.658560346
0.658507577
0.658502485
0.658494508
0.658463977
0.658458385
0.658438846
0.658432662
0.658432385
0.658431538
0.658409846
0.658409769
0.658393408
0.658350354
0.658339077
0.658312077
0.658307354
0.658304415
0.658269115
0.658244385
0.658185023
0.658179431
0.658164346
0.658159115
0.658150154
0.658111115
0.658073
0.658070538
0.658042569
0.658040508
0.658004615
0.657999538
0.657988
0.657954
0.657936
0.657931538
0.657928615
0.657925
0.657915385
0.657873792
0.657868231
0.657867154
0.657812231
0.6577815
0.657768231
0.657729
0.6577252
0.657701308
0.657693462
0.657680354
0.657630331
0.657619231
0.657579462
0.657547669
0.657537031
0.657515231
0.657505308
0.657475731
0.657468577
0.657467231
0.657445615
0.657386538
0.657337262
0.657328869
0.657307231
0.657306954
0.657304338
0.657224154
0.657214077
0.657207738
0.657191415
0.657171515
0.657164692
0.657146462
0.657135769
0.657087562
0.657067892
0.657032385
0.657005492
0.656959462
0.656938231
0.656888154
0.656888023
0.656881615
0.656866385
0.656865515
0.656854154
0.656853923
0.656852462
0.656849
0.656839562
0.656834792
0.656832231
0.656812692
0.656783923
0.656759385
0.656749
0.656742538
0.656722185
0.656701769
0.656693346
0.656691885
0.656691077
0.656677308
0.656662492
0.656636269
0.656629077
0.656618538
0.656580846
0.656576692
0.656529077
0.656521638
0.656520492
0.656506877
0.656493585
0.656490415
0.656484154
0.656471892
0.656456154
0.656453415
0.656413769
0.656412654
0.656409769
0.656406308
0.656373769
0.656356585
0.656340846
0.656302338
0.656283769
0.656258877
0.656233692
0.656216615
0.656185331
0.656176808
0.656169308
0.656155
0.656128385
0.656096615
0.656083538
0.6560802
0.656048423
0.656000423
0.655882269
0.6558421
0.655800154
0.655789923
0.655788869
0.655763562
0.655721077
0.655717892
0.655714615
0.655679154
0.655674077
0.655655815
0.655643023
0.655640638
0.655637462
0.655613692
0.655592723
0.655585662
0.655585662
0.655560815
0.655551646
0.655528946
0.6555218
0.655516662
0.655503046
0.6554941
0.655466846
0.655463077
0.655460077
0.655409385
0.655365492
0.655352615
0.655343254
0.655342077
0.655339362
0.655322769
0.655315923
0.655309769
0.655307923
0.655301031
0.655231462
0.655229923
0.655205769
0.655185715
0.655141462
0.655134185
0.655097731
0.655038077
0.655037692
0.655035654
0.654985308
0.654983108
0.654946923
0.654945077
0.654939277
0.654930538
0.654924423
0.654920431
0.654910346
0.654893077
0.654863808
0.654862569
0.654854385
0.654840846
0.654838385
0.654832692
0.654818969
0.654806
0.654797692
0.654791846
0.654784715
0.654745692
0.654721923
0.654721846
0.654666846
0.654640562
0.654597
0.654557385
0.654555192
0.654541115
0.654533308
0.654532723
0.654483346
0.654477662
0.654468808
0.654431262
0.654417185
0.654415538
0.654406538
0.654404615
0.654403569
0.654373262
0.654357123
0.654332462
0.654322615
0.654310846
0.654307308
0.654287615
0.654286192
0.654220946
0.654196077
0.654143046
0.654112385
0.654108462
0.654101231
0.654095538
0.654094154
0.654078615
0.654073131
0.654070154
0.654031462
0.653999123
0.653997338
0.653974738
0.653915692
0.653904385
0.6538961
0.653893462
0.653887346
0.6538238
0.653793077
0.653705
0.653700646
0.653697208
0.653673638
0.653658462
0.653637077
0.653626277
0.653605969
0.653593154
0.653544115
0.653513485
0.653505692
0.653499408
0.653492923
0.653480431
0.653476308
0.653466585
0.653424154
0.653414954
0.653387031
0.653361131
0.653244846
0.653234354
0.653189538
0.653156269
0.653139492
0.653124615
0.653097692
0.653057846
0.653044808
0.652979615
0.652965385
0.652928154
0.652905338
0.652904154
0.652902308
0.652888692
0.652855038
0.652853569
0.652822231
0.652816385
0.652787462
0.652782462
0.652717354
0.652715154
0.652681538
0.652669769
0.652662423
0.652650408
0.652603415
0.652582385
0.652573769
0.652539462
0.652539231
0.652534385
0.652525154
0.652518385
0.652487231
0.652482692
0.652439731
0.652425538
0.652341923
0.6523285
0.652316923
0.652273154
0.652217
0.652214923
0.652205923
0.652205308
0.652167923
0.652138846
0.652125692
0.652118231
0.652105462
0.652083431
0.652080538
0.652077108
0.652072154
0.652047031
0.652026946
0.652018231
0.651989154
0.651980538
0.651958077
0.651947031
0.651940077
0.651921954
0.651856615
0.651821492
0.651796846
0.651771423
0.651739538
0.651730231
0.651700815
0.651684923
0.651594154
0.651589846
0.651538877
0.651526692
0.651514438
0.651511277
0.651508615
0.651455692
0.651432046
0.651429
0.651426923
0.651419615
0.651392338
0.651389362
0.651378585
0.651345231
0.651320262
0.651313308
0.651303254
0.651301538
0.651295154
0.651294723
0.651254977
0.651220769
0.651188462
0.651153877
0.651107892
0.651088815
0.651074192
0.651064385
0.651055846
0.651051846
0.651030131
0.651024031
0.651007892
0.6509978
0.650979054
0.650961692
0.650959462
0.6508929
0.650868077
0.650809308
0.650761585
0.650738108
0.650728231
0.650719538
0.650719038
0.650657077
0.650641046
0.650606846
0.650539538
0.650526192
0.650519
0.650516692
0.650448692
0.650448538
0.650387077
0.650358769
0.650295569
0.650271154
0.650256846
0.650248346
0.650246615
0.650229823
0.650202038
0.650190846
0.650183877
0.650159769
0.650142338
0.650139769
0.650095846
0.650084462
0.650072154
0.650070077
0.650065231
0.650031769
0.650019154
0.650019046
0.649992869
0.6499815
0.649965592
0.649933077
0.649927846
0.649904692
0.649897538
0.649893615
0.649829538
0.649813415
0.649813185
0.649800308
0.649799923
0.649797731
0.649779669
0.649709654
0.649685231
0.649664231
0.649655385
0.649652923
0.649640969
0.649607
0.649577423
0.649568346
0.649551431
0.649524692
0.649475923
0.649474538
0.649472338
0.649468346
0.649459385
0.649450462
0.649440792
0.649435923
0.649415615
0.649414885
0.649412308
0.649412077
0.649409308
0.649399077
0.649381846
0.649380038
0.649374769
0.649373923
0.649371846
0.649368308
0.649354846
0.649341769
0.6493048
0.649293108
0.649286769
0.649283154
0.649280846
0.649255538
0.649193231
0.649162023
0.649146115
0.649128308
0.649054
0.648985923
0.648984038
0.648952462
0.648943046
0.648908569
0.648895923
0.648894462
0.648872485
0.648844885
0.648840231
0.648817154
0.648761669
0.648743769
0.648684385
0.648663385
0.648644231
0.648641131
0.648577538
0.6485669
0.648544308
0.648515
0.648470769
0.648445385
0.648378846
0.648370308
0.648354231
0.648344538
0.648331415
0.6483288
0.648294923
0.648286662
0.648221646
0.648221154
0.6481625
0.648145262
0.648087692
0.648021654
0.648004538
0.647987538
0.647963615
0.647961615
0.647961269
0.647911692
0.647903154
0.647899769
0.647895569
0.647880115
0.647845
0.647810846
0.647809869
0.647804415
0.647796462
0.647793385
0.647788277
0.647785569
0.647776723
0.647765031
0.647723354
0.647721
0.647684769
0.647674892
0.647673192
0.647652308
0.647617846
0.647606615
0.647599154
0.647588
0.647576308
0.647574154
0.647552769
0.647547923
0.647528231
0.647524769
0.647435277
0.647432808
0.647422485
0.647414738
0.647400154
0.647374769
0.647363692
0.647355692
0.647325654
0.647323462
0.647317385
0.647289923
0.647251692
0.647215108
0.647203508
0.647198769
0.647179
0.647169769
0.647107077
0.647097508
0.647064769
0.647048
0.646985815
0.646965385
0.646922954
0.646917385
0.646882385
0.646876923
0.646818508
0.646787885
0.646619108
0.646590538
0.646560615
0.646554538
0.646535769
0.646477615
0.646456846
0.646426846
0.646422508
0.646415923
0.646407654
0.646399154
0.646396308
0.646394692
0.646394462
0.646360308
0.646345077
0.646310538
0.646309031
0.646205692
0.646204492
0.646165308
0.646162723
0.646134
0.646128192
0.646119115
0.646117654
0.646104262
0.646060846
0.646047385
0.646035123
0.645965538
0.645943969
0.645904769
0.645903692
0.645892077
0.645869462
0.645861615
0.645855308
0.645808769
0.645805077
0.645790877
0.645767308
0.645667077
0.645664308
0.645645
0.645635
0.645609362
0.645607538
0.645598769
0.645565923
0.6455272
0.645516077
0.645495385
0.645491923
0.6454808
0.645462962
0.645399046
0.645390077
0.645351154
0.645334123
0.6453338
0.645331923
0.645308615
0.645286031
0.645275692
0.645267046
0.645241646
0.645229538
0.645226615
0.645221108
0.645206431
0.645173846
0.645171538
0.645171462
0.645162077
0.645158923
0.645154577
0.645148231
0.645140823
0.645083923
0.645078308
0.645068077
0.645041515
0.645033308
0.645027438
0.645014615
0.644969577
0.644963662
0.644892923
0.644873308
0.644851846
0.644837615
0.644835846
0.644823308
0.644749585
0.644729962
0.644676846
0.644667154
0.644571462
0.644555
0.644553154
0.644516615
0.644496362
0.644489154
0.644432923
0.644429877
0.644399846
0.644398654
0.644394538
0.644371538
0.644363769
0.644342154
0.644334154
0.644306923
0.644297077
0.644233769
0.644190231
0.644126492
0.6441048
0.644103
0.644102877
0.644093662
0.644073577
0.644071769
0.644069231
0.644007969
0.643995846
0.643995269
0.643976969
0.643937769
0.643931
0.643914538
0.643899123
0.643897423
0.643892308
0.643847
0.643817738
0.643809115
0.643792308
0.643764615
0.643733
0.643709669
0.643688769
0.643629108
0.643617923
0.643543615
0.6435149
0.643500615
0.643488692
0.643479462
0.643478723
0.64346
0.643449562
0.643444923
0.643417231
0.643409
0.643386569
0.643385615
0.643341769
0.643339662
0.643311231
0.643290077
0.643268846
0.643230954
0.643223
0.643200846
0.643194846
0.643180615
0.643126462
0.643121231
0.643111969
0.643076115
0.643065308
0.643047846
0.643045692
0.643033338
0.643011308
0.643008462
0.642998
0.642973462
0.642935231
0.642918669
0.642884538
0.6428741
0.642791208
0.642744692
0.642741769
0.642729492
0.642717208
0.642709308
0.642699738
0.642697923
0.642679538
0.642676585
0.642637846
0.642596154
0.642590231
0.642566038
0.642562185
0.642520692
0.642502769
0.642463108
0.642462877
0.642452846
0.6424488
0.642438
0.642437846
0.642431538
0.6423952
0.642346077
0.642336746
0.642312585
0.642308923
0.642299538
0.642243808
0.642217462
0.642216346
0.642192408
0.642168846
0.642143923
0.642113269
0.642095892
0.642085031
0.642083154
0.642056462
0.642039038
0.642033723
0.642000892
0.641984115
0.641944692
0.641926077
0.641917385
0.641914654
0.641912077
0.641909077
0.641906
0.641834462
0.641809538
0.641802231
0.641796269
0.641789462
0.641720231
0.641714154
0.641702846
0.641695354
0.641686769
0.641626577
0.641602231
0.641564723
0.641562615
0.641512415
0.641495954
0.641464823
0.641451308
0.641360769
0.641320577
0.641316462
0.641273308
0.641263954
0.641252538
0.641239515
0.641231846
0.641218231
0.641205538
0.641169046
0.641167692
0.641139538
0.641115123
0.641111462
0.641088538
0.641084
0.641076338
0.641062354
0.641047815
0.641026538
0.641025692
0.641009031
0.641006462
0.640962946
0.640954738
0.640944154
0.640906385
0.640879046
0.640864538
0.640807108
0.640795462
0.640753154
0.640701231
0.640683
0.640676462
0.640659769
0.64064
0.640580692
0.640567269
0.640539077
0.640523923
0.640505277
0.640489846
0.6404608
0.640456308
0.640443385
0.640392346
0.640388362
0.640380569
0.640349692
0.640333462
0.640290192
0.640268846
0.640264338
0.640222108
0.640213492
0.640203462
0.640178
0.640135
0.640134769
0.6401322
0.640107
0.640084331
0.640079885
0.640068538
0.640066038
0.640060385
0.640033808
0.640025923
0.640023577
0.640015692
0.639987131
0.639964308
0.639962385
0.639942077
0.639939262
0.639933923
0.639933808
0.639904738
0.639763792
0.639758108
0.639726654
0.639662746
0.639593846
0.639591615
0.639567231
0.639561962
0.639556923
0.639536562
0.639483
0.639480808
0.639479385
0.639470615
0.639443923
0.639379
0.639369031
0.639368662
0.639353577
0.639342023
0.639340692
0.639337692
0.639319308
0.639317038
0.639284577
0.639242231
0.639213415
0.639200846
0.639199431
0.639196231
0.639181692
0.639143154
0.639136338
0.639125077
0.639034646
0.639005385
0.638992508
0.638988231
0.638977654
0.638970154
0.638967431
0.638941438
0.638926923
0.638872923
0.638853462
0.638849308
0.638817
0.638801385
0.638779354
0.638751154
0.638712769
0.638696846
0.638605846
0.638602462
0.638593662
0.638586285
0.638535115
0.638515462
0.6384905
0.638463769
0.638455885
0.638441
0.638422231
0.638409231
0.638401692
0.638399769
0.638395769
0.638371308
0.638358462
0.638333285
0.638309808
0.638292108
0.638254423
0.638249615
0.638239769
0.638217969
0.638203077
0.638145923
0.638126823
0.638108346
0.638094154
0.638090054
0.638078815
0.638063923
0.638046077
0.638045077
0.638035808
0.637995508
0.637951262
0.637939346
0.637923431
0.637898308
0.637850538
0.637818
0.637797577
0.637767308
0.637739769
0.637737154
0.637733431
0.6377272
0.637716769
0.637678508
0.637635077
0.637632654
0.637615923
0.637613354
0.637606692
0.637581254
0.637571815
0.637569338
0.637567538
0.637534231
0.637530731
0.637489538
0.637475662
0.637465485
0.637459077
0.637442885
0.637393638
0.637387462
0.637384192
0.637368515
0.637306154
0.637282731
0.637266462
0.637263385
0.637262646
0.6372538
0.637253338
0.637248692
0.6372361
0.637181538
0.637170308
0.637151154
0.637144077
0.637131462
0.637106538
0.637095154
0.637054031
0.637034592
0.637030077
0.637017077
0.637010154
0.636981846
0.636969231
0.636961385
0.636944077
0.636942231
0.636918769
0.636904192
0.636867154
0.636836569
0.636833492
0.636820769
0.636795
0.636794108
0.636766769
0.636735192
0.636729738
0.636719769
0.636703154
0.636681769
0.636667154
0.636642346
0.636629969
0.636613385
0.636609077
0.636599462
0.636544185
0.636524615
0.636514769
0.636497769
0.636456231
0.636423185
0.636394
0.636376054
0.636363846
0.636353923
0.636333231
0.636315023
0.636271154
0.636244308
0.636186846
0.6361369
0.636133738
0.636089615
0.636078808
0.636040692
0.636005815
0.636002423
0.635996846
0.635994769
0.635961077
0.635944308
0.635940308
0.635934
0.635931692
0.635906277
0.635898115
0.635897423
0.635891538
0.635873492
0.635842131
0.635839615
0.635834846
0.635830485
0.635824662
0.635769538
0.635758846
0.635752815
0.635752154
0.635751
0.635741031
0.635711231
0.635701277
0.635693615
0.635692338
0.635663846
0.635627769
0.635606769
0.635604815
0.635597615
0.635543423
0.635486692
0.635486
0.635478231
0.635400615
0.635400077
0.635385462
0.635353154
0.635325462
0.635302115
0.635283923
0.635283077
0.635279692
0.635258508
0.635120846
0.635109769
0.635101308
0.635100692
0.635096431
0.635077462
0.635071692
0.635068969
0.635042462
0.635039
0.635036385
0.635029492
0.635014615
0.634996385
0.634945492
0.634846615
0.634829262
0.634794077
0.634762277
0.634755
0.634750769
0.634747923
0.634743208
0.634742615
0.634741277
0.634735408
0.634711385
0.634700692
0.634689885
0.634637692
0.634631
0.634630462
0.634593646
0.634574338
0.634556077
0.634531746
0.634517308
0.634507077
0.634503231
0.634502231
0.634431077
0.634376231
0.634265815
0.634245415
0.634240769
0.634231154
0.634231077
0.634193646
0.634185946
0.634180723
0.634155846
0.634127154
0.634124
0.6341185
0.634116692
0.634100669
0.634075038
0.634069538
0.634059354
0.633998846
0.633993331
0.633946
0.633943923
0.633889923
0.633872977
0.6338202
0.633813877
0.633806262
0.633796692
0.6337821
0.633775269
0.6337562
0.633691415
0.633682077
0.633660415
0.633655054
0.633649231
0.633634846
0.63362
0.633547538
0.633536
0.633510354
0.633484231
0.633477462
0.633467769
0.633465154
0.633456923
0.633418231
0.633410123
0.633401046
0.633396046
0.633359692
0.633351923
0.633344285
0.633331492
0.633279769
0.633260562
0.633224431
0.633214
0.633205538
0.633166308
0.633148385
0.633133423
0.633090077
0.633071
0.633041954
0.633009769
0.632991538
0.632968462
0.632948
0.632923769
0.632912654
0.632895046
0.632894362
0.632874154
0.632869877
0.632824077
0.632823338
0.632810077
0.63281
0.632794308
0.632790192
0.632787385
0.632774615
0.632725615
0.632618346
0.632614231
0.632594231
0.632567592
0.632552638
0.632536638
0.632513485
0.632504038
0.632491385
0.632412385
0.632394462
0.632353331
0.632346177
0.632333923
0.632301846
0.632296538
0.632216538
0.632171846
0.632154846
0.632150231
0.632126077
0.632102946
0.632100385
0.632097231
0.632039354
0.632020846
0.632012769
0.632001615
0.631948538
0.631933808
0.631932846
0.6319328
0.631926769
0.6319179
0.631913
0.631879769
0.631879769
0.631875846
0.631873769
0.631861385
0.631804054
0.631730415
0.631706308
0.631702308
0.631685923
0.631668308
0.631654538
0.631603508
0.631596615
0.631585577
0.631584077
0.631558077
0.6315345
0.631528308
0.631511154
0.631506946
0.631480585
0.631460154
0.6314362
0.631385154
0.631359077
0.631351154
0.631350692
0.631338492
0.631309231
0.631298654
0.631298515
0.631291846
0.631281308
0.631278
0.631277538
0.631251885
0.631243154
0.631181308
0.631162692
0.631134769
0.631105485
0.631082538
0.631081923
0.630986385
0.630959923
0.630926
0.630799385
0.630797423
0.630796462
0.630793692
0.630780769
0.630750538
0.630749308
0.630732692
0.630720462
0.630703431
0.630686385
0.630678262
0.630671792
0.630633769
0.630626723
0.630596231
0.630595154
0.630569769
0.630569046
0.630553731
0.630487338
0.630486423
0.630480923
0.630459308
0.630417646
0.630401077
0.630379385
0.630365108
0.630358769
0.630305077
0.630258615
0.630254077
0.630252077
0.630243077
0.630236362
0.630227969
0.630166308
0.630134154
0.630120538
0.630115408
0.630074738
0.630062538
0.630007154
0.629967385
0.629965
0.629911154
0.629885562
0.629855123
0.629845308
0.629819038
0.629705077
0.629655123
0.629627338
0.629607485
0.629558538
0.629540692
0.629516
0.629504962
0.629493923
0.629462308
0.629347231
0.629335231
0.629323692
0.629314692
0.629309769
0.62927
0.6292135
0.629212585
0.629206154
0.629183308
0.629174231
0.629160954
0.629136692
0.629129
0.629111769
0.629109423
0.629070308
0.629048346
0.628991846
0.628962692
0.628896154
0.628877877
0.628838615
0.628816485
0.628812462
0.628809192
0.628752231
0.628747385
0.628723846
0.628691823
0.628682308
0.628678569
0.628677977
0.628649269
0.628621123
0.628613692
0.628597646
0.628557569
0.628549769
0.628528923
0.628511
0.628502046
0.628450423
0.628445192
0.628440308
0.628438385
0.628435923
0.628418462
0.628404923
0.628402969
0.628364462
0.628342354
0.628342262
0.628285269
0.628281969
0.628257577
0.628231385
0.628208462
0.628177615
0.6281391
0.628039423
0.628037731
0.628021231
0.627958538
0.627949423
0.627945662
0.627929462
0.627887692
0.627879308
0.627868615
0.627868362
0.627846
0.627840538
0.627784731
0.627781846
0.627770885
0.627760231
0.627732962
0.627731462
0.627730538
0.627659462
0.627652692
0.627627415
0.627627192
0.627579277
0.627573
0.627564738
0.627554538
0.627544154
0.627514846
0.627489869
0.627480538
0.627467269
0.627462385
0.627405692
0.627387769
0.627386077
0.627342615
0.627333462
0.627324846
0.627318615
0.627315962
0.627256462
0.627256
0.627255462
0.627230769
0.627218077
0.627179538
0.627142846
0.627135308
0.627097485
0.6270631
0.627056538
0.627027231
0.626987615
0.626981946
0.626958
0.626955815
0.626952692
0.626949023
0.626921923
0.626918846
0.626914385
0.626906108
0.626895108
0.626862277
0.626813769
0.626798823
0.626784
0.626772615
0.626732108
0.626732
0.626656692
0.626655362
0.626646846
0.626632385
0.626621923
0.626600538
0.626595431
0.626582769
0.626574077
0.626563231
0.626557769
0.626555846
0.626548438
0.626536885
0.626534823
0.626505538
0.626504423
0.626456923
0.626434308
0.626425923
0.626395577
0.626391154
0.626381954
0.626350692
0.626344269
0.626318154
0.626303
0.626243231
0.626242662
0.626224154
0.626200231
0.626189
0.626156423
0.626124615
0.626090154
0.626067692
0.626056154
0.626037
0.626029846
0.625971
0.625893769
0.625883154
0.625877308
0.625852077
0.62585
0.625846692
0.6258252
0.625815923
0.625812308
0.625811131
0.625803692
0.625776969
0.6257672
0.625751892
0.625747692
0.625706362
0.625694231
0.625674923
0.625629192
0.625601154
0.625585177
0.625572077
0.625557031
0.625545923
0.625525438
0.625487231
0.62547
0.625444423
0.625431262
0.625364692
0.625326154
0.6253071
0.625214
0.625200408
0.625153846
0.625124577
0.625106231
0.625093946
0.625093262
0.625086692
0.625075846
0.625054192
0.625044846
0.625034923
0.625009723
0.624997569
0.624979154
0.624945485
0.624926385
0.624888615
0.6248785
0.624864769
0.624846692
0.624734308
0.624726046
0.624692
0.624685769
0.624646592
0.624636077
0.624622231
0.624608154
0.624581577
0.624577769
0.624570846
0.624548615
0.624545231
0.624462846
0.624437769
0.624436508
0.624432923
0.624428846
0.624422846
0.624341923
0.624333077
0.624330769
0.624328231
0.624311308
0.624265846
0.624254231
0.624227108
0.624184385
0.624180346
0.624175077
0.624156638
0.624129923
0.624104738
0.624020285
0.623977046
0.623939154
0.623929308
0.623923585
0.623908846
0.623870262
0.623850077
0.623796946
0.623769154
0.623749231
0.623746923
0.623644615
0.623617262
0.623596231
0.623522385
0.623519969
0.623506231
0.623482154
0.623465408
0.623462569
0.623449077
0.623435
0.623372923
0.623330654
0.623329877
0.623323385
0.623316308
0.623290262
0.623286731
0.623258462
0.623256
0.623174954
0.623165231
0.623158923
0.623152485
0.623114846
0.623110923
0.623088077
0.623059769
0.623056692
0.623040108
0.622996462
0.622957254
0.622929154
0.622926031
0.622877431
0.622860077
0.622834615
0.622826492
0.622819154
0.622815308
0.622778846
0.622776885
0.622762692
0.622740462
0.622716408
0.622693577
0.622615538
0.622600385
0.622594262
0.622579923
0.622556485
0.622543969
0.622543277
0.622536723
0.622513462
0.622487569
0.622473269
0.622442408
0.622361254
0.622360154
0.622340123
0.622297569
0.622255538
0.622242415
0.622233769
0.622227692
0.622216738
0.622167038
0.622140538
0.622043885
0.622005231
0.621972538
0.621955715
0.621948423
0.621926846
0.621894385
0.621892
0.621864462
0.621861131
0.621853308
0.621831846
0.621828023
0.621806308
0.621793177
0.621787815
0.621716615
0.621649808
0.621646046
0.621637
0.621632769
0.621632538
0.621592585
0.621557769
0.621527208
0.621518308
0.621515285
0.621503385
0.621493308
0.621488692
0.621482269
0.621481923
0.621480385
0.621465846
0.621465585
0.621443923
0.621429769
0.621348
0.621289231
0.621284385
0.621281723
0.621276846
0.621254846
0.621253692
0.621246738
0.621228692
0.621220231
0.621219769
0.621177462
0.621155
0.621116538
0.621091954
0.621054123
0.621042346
0.621027577
0.620978923
0.620964385
0.620954769
0.620939231
0.620932385
0.620908231
0.620882192
0.620871877
0.620835423
0.620785154
0.620772885
0.620768023
0.620754362
0.620748538
0.620725385
0.620720231
0.620704231
0.620702962
0.620702415
0.620683077
0.620649538
0.620611385
0.620531231
0.620479692
0.620448462
0.620441115
0.620427692
0.620390615
0.620377385
0.620332538
0.620320346
0.620302969
0.620302615
0.620298892
0.620298769
0.620234977
0.620234108
0.620211962
0.620206869
0.620153923
0.620141262
0.620083462
0.620075923
0.620022846
0.619978154
0.619973231
0.619969846
0.619956438
0.619932415
0.619905462
0.619876338
0.619811646
0.619810362
0.619794954
0.619751354
0.619748769
0.619722769
0.619719769
0.619705638
0.619640077
0.619635808
0.619567615
0.619561462
0.619554
0.619491308
0.6194432
0.619441231
0.619441
0.619431923
0.619425923
0.619398231
0.619377692
0.619377308
0.619328892
0.619309769
0.619290977
0.619269331
0.619209077
0.619174654
0.6191675
0.619137885
0.619132231
0.619120462
0.619092154
0.619069662
0.619017923
0.619014731
0.619005977
0.619004646
0.619001308
0.618970308
0.618901115
0.618898846
0.618896769
0.6188759
0.618830308
0.618823123
0.618816569
0.618807723
0.618762054
0.618757538
0.618687769
0.618593738
0.618578308
0.618514285
0.618507692
0.618487769
0.618485846
0.618428585
0.618409769
0.618341108
0.618311946
0.618311262
0.618301538
0.618280615
0.618269585
0.618263438
0.618251654
0.618240423
0.618215115
0.618196846
0.618195462
0.618184846
0.618178538
0.618174692
0.618167615
0.618166285
0.618128823
0.618125538
0.618087423
0.618061654
0.618055231
0.618051108
0.617996038
0.617985462
0.617972108
0.617950308
0.617949277
0.617929769
0.617904769
0.617876615
0.617871969
0.617846431
0.617841
0.617830769
0.617826262
0.617814
0.617806592
0.617804077
0.617787154
0.617744738
0.617723231
0.617591385
0.617588769
0.617585538
0.617470538
0.617453308
0.617394262
0.617338462
0.617278846
0.617260569
0.617217746
0.617205177
0.617171662
0.617140231
0.617136692
0.617011415
0.616999077
0.616993354
0.616992892
0.616981077
0.616955154
0.616926185
0.616888269
0.616873638
0.616850254
0.616840769
0.616832769
0.616828431
0.616818346
0.616765538
0.616758538
0.616716877
0.616691692
0.616660769
0.616587923
0.616530408
0.616526423
0.616505423
0.616453077
0.616439354
0.616397077
0.616394308
0.616351869
0.616348892
0.616305154
0.616297923
0.616296846
0.616290231
0.616287385
0.616279654
0.616273538
0.616253923
0.616236654
0.616182177
0.616175808
0.616168
0.616158462
0.616097492
0.616050731
0.616048208
0.616042692
0.616034231
0.615949692
0.615915308
0.615902
0.615885769
0.615885308
0.615884538
0.615880585
0.615867538
0.615861462
0.615810692
0.615735515
0.615731385
0.615683769
0.615549823
0.615541462
0.615527585
0.615481185
0.615477423
0.615453538
0.615426
0.615406815
0.615403769
0.615349615
0.615343077
0.615334692
0.615315254
0.615296769
0.615269815
0.615266423
0.615264592
0.615262
0.615255054
0.615238385
0.6152341
0.615222692
0.615221262
0.615171077
0.615158585
0.615135769
0.615107508
0.615106462
0.615097077
0.615040431
0.614893231
0.614890269
0.614883769
0.614869846
0.614868231
0.614865769
0.614861
0.614853177
0.614831385
0.614720846
0.614717615
0.614694231
0.614676431
0.614655662
0.614654615
0.614588231
0.614554654
0.614554331
0.614550923
0.614531731
0.614525692
0.614478723
0.614462954
0.614458692
0.614437923
0.614436269
0.614436231
0.614409385
0.614393262
0.614343885
0.614304131
0.614294962
0.614290192
0.614283269
0.614243308
0.614238462
0.614220962
0.614215462
0.614202346
0.614176254
0.614163692
0.614146731
0.614094538
0.614093615
0.614068969
0.614049692
0.614005231
0.613978
0.613936462
0.613916462
0.613904
0.613880692
0.613876031
0.613850692
0.613848885
0.613833669
0.613823123
0.613822662
0.6138211
0.613795769
0.613777154
0.613760808
0.613742308
0.613695108
0.613681923
0.613660385
0.613610308
0.613601308
0.613576615
0.613465231
0.613464077
0.613446969
0.613415077
0.6133958
0.6133455
0.61332
0.613303846
0.613289431
0.613230538
0.613218231
0.613215885
0.613182185
0.613182046
0.613162615
0.6131119
0.6131058
0.613101077
0.613095023
0.613012592
0.612997415
0.612991538
0.612986823
0.612980308
0.612958692
0.612956
0.612954362
0.612910231
0.612889462
0.612887877
0.612887308
0.612820892
0.612814108
0.612802923
0.612794438
0.612784462
0.612776846
0.612691615
0.612677077
0.612664177
0.612661308
0.6126468
0.612628154
0.612567846
0.612474615
0.612450331
0.612438385
0.612400385
0.612355423
0.612298692
0.612266108
0.612235615
0.612226723
0.612208108
0.612160792
0.612141154
0.612074923
0.612045615
0.612026308
0.612015846
0.612013308
0.611978385
0.611943769
0.611899815
0.611802892
0.611799231
0.611788123
0.611700769
0.611698231
0.611689923
0.611669154
0.6116498
0.611631154
0.611615231
0.611612846
0.611555254
0.611546592
0.611542462
0.611536077
0.611530692
0.611527885
0.611484769
0.611482154
0.611451538
0.611422846
0.6114095
0.611402231
0.611400231
0.611390538
0.611363
0.611351038
0.611324077
0.6112642
0.611262415
0.611246692
0.611236769
0.6112338
0.61122
0.611214231
0.611198308
0.611196569
0.611148923
0.611094154
0.611085431
0.611084077
0.611082592
0.611061823
0.610977408
0.610965
0.610964462
0.610905462
0.610888738
0.6108555
0.610846462
0.610841077
0.610839077
0.610754154
0.610726338
0.610707385
0.610707262
0.610642692
0.610640769
0.610628815
0.610615923
0.610607462
0.610603538
0.610593154
0.610590615
0.610569538
0.610562654
0.610554262
0.610492615
0.610469946
0.610458538
0.610439462
0.610379346
0.610302231
0.610257692
0.610242031
0.610234969
0.610225569
0.610189615
0.610095769
0.610078346
0.610038038
0.610007385
0.610000308
0.609954731
0.609838638
0.609826815
0.609723285
0.609705954
0.609691415
0.609681331
0.609647462
0.609612692
0.609591969
0.609536692
0.609526131
0.609494769
0.609475738
0.609417515
0.609417
0.609416046
0.609414385
0.609410815
0.609404846
0.609386885
0.609377846
0.609363731
0.609345308
0.609337077
0.609308438
0.609308438
0.609291462
0.609246077
0.609208538
0.609185285
0.609179646
0.609176231
0.609167723
0.609136769
0.609133154
0.609060615
0.609058646
0.609011654
0.608988615
0.608952692
0.608931154
0.608919954
0.608902662
0.608841731
0.608796538
0.608761231
0.608750692
0.608745231
0.608739
0.608730177
0.608709615
0.608670577
0.6086642
0.608626615
0.608605969
0.608559231
0.608553538
0.608536
0.608524846
0.608486385
0.608484615
0.608459154
0.608433462
0.608407123
0.608392815
0.608378615
0.608373538
0.608330615
0.608304646
0.608287177
0.608272692
0.608269385
0.608236515
0.608231192
0.608213615
0.608191308
0.608155923
0.608067385
0.608049723
0.608048254
0.608039154
0.608031615
0.608009515
0.607948808
0.607932
0.607862231
0.607791815
0.607775615
0.607775385
0.607706615
0.607658715
0.607621231
0.607612538
0.607578431
0.607545308
0.607532769
0.607522538
0.6075109
0.607488077
0.607485538
0.607459692
0.607416354
0.607412769
0.607402508
0.607375385
0.607302154
0.607299923
0.607284031
0.607227385
0.607222385
0.607217077
0.607169154
0.607152154
0.607121462
0.607106692
0.607073946
0.607059462
0.607057308
0.6069668
0.606919769
0.606902154
0.606900154
0.606898154
0.606884592
0.606788462
0.606781308
0.606777538
0.606775192
0.606765562
0.606759385
0.606726769
0.606603538
0.606595508
0.606507885
0.606425538
0.606400538
0.606351385
0.606320462
0.6062675
0.606247969
0.606240585
0.606226646
0.606196462
0.606171354
0.606125154
0.606044154
0.606005423
0.606000977
0.605987385
0.605947969
0.605917892
0.605913769
0.605878385
0.605873192
0.605868308
0.605844385
0.605828462
0.605824846
0.605822154
0.605817077
0.605809508
0.605785569
0.605740177
0.605635231
0.605616538
0.605607846
0.605596846
0.605570123
0.605552423
0.605525615
0.605504615
0.605481462
0.605476385
0.605465769
0.605458662
0.605442892
0.605395769
0.605335462
0.605313769
0.605283538
0.605280123
0.605273846
0.605245969
0.605238462
0.605177515
0.605173108
0.605151331
0.605140538
0.605136308
0.605088562
0.605001692
0.604988462
0.604968669
0.604957231
0.604938731
0.604882423
0.604881692
0.604867231
0.604843462
0.604831846
0.604828185
0.604799346
0.604793308
0.604787846
0.604786923
0.604757892
0.604729923
0.604708885
0.604672615
0.604654615
0.604615715
0.604604615
0.604572892
0.604566562
0.604448615
0.604438877
0.604429654
0.604428923
0.604408108
0.604388692
0.604386
0.604350569
0.604349846
0.604295923
0.604288715
0.604287923
0.604284
0.604268615
0.604209715
0.604154462
0.604137154
0.604135031
0.604102308
0.604100615
0.604098462
0.604087615
0.604077308
0.604046462
0.604040077
0.604033746
0.604025354
0.604018662
0.6039801
0.603974508
0.603973177
0.603968846
0.603941846
0.603914077
0.603873615
0.603814031
0.603756462
0.603736615
0.603716508
0.603697115
0.603668508
0.603643462
0.603637692
0.603573415
0.603538462
0.603518808
0.603507385
0.603499869
0.603478
0.603461354
0.603439385
0.603423538
0.6033918
0.603369615
0.603322462
0.603291077
0.603212385
0.603207923
0.603197923
0.603197692
0.603161846
0.603130869
0.603123308
0.6031129
0.603108308
0.603102231
0.6030969
0.603092815
0.603069892
0.603020054
0.603001154
0.602979154
0.602950846
0.602941846
0.602915769
0.602860077
0.602851538
0.602803385
0.602787077
0.602773385
0.602761185
0.602747308
0.602733769
0.602730877
0.602714646
0.602690154
0.602685031
0.602590154
0.602571277
0.602546885
0.602501692
0.602495254
0.602440923
0.602423846
0.602408277
0.602389923
0.602376185
0.602375692
0.602373077
0.602282846
0.602241077
0.602237692
0.602199346
0.602163077
0.602151338
0.601999577
0.601909077
0.601891462
0.601875969
0.601858077
0.601748408
0.601742954
0.601722046
0.601675077
0.601666615
0.601664154
0.601610308
0.601603438
0.601587615
0.601587115
0.601580054
0.601552769
0.601538538
0.601513462
0.601467385
0.601461308
0.601443538
0.601427969
0.601387346
0.601358154
0.601354308
0.601321415
0.601300385
0.6012995
0.601221154
0.601214815
0.601156462
0.601122308
0.601118023
0.601084769
0.601057823
0.601049923
0.601032462
0.600929262
0.600924769
0.600887846
0.600879515
0.600879515
0.600857185
0.600847385
0.600844115
0.600820277
0.600807808
0.600802
0.600791692
0.600758077
0.600723808
0.600691077
0.600683615
0.600671692
0.600670846
0.600668423
0.600653769
0.6006455
0.600627569
0.600605308
0.600567415
0.600498823
0.600491308
0.600448569
0.600427208
0.600413923
0.600330385
0.600308692
0.600294108
0.600259715
0.600247431
0.600234615
0.600222385
0.600222231
0.600205
0.600166308
0.600114385
0.600080354
0.600066538
0.600054231
0.600027354
0.600003277
0.599975038
0.599972692
0.599971277
0.599884077
0.599871846
0.599833954
0.599810462
0.599788154
0.599767692
0.599731769
0.599710892
0.599687423
0.599671646
0.599629054
0.599619769
0.599565308
0.599541769
0.599504
0.599458262
0.599401769
0.599373715
0.599343462
0.599329231
0.599306692
0.599303792
0.599291738
0.599289492
0.599279131
0.599269615
0.599238077
0.599214154
0.599212615
0.599197746
0.599168923
0.599165423
0.599117969
0.599064538
0.599039231
0.599037923
0.599037538
0.599025231
0.599020077
0.599016
0.598971338
0.598926462
0.598858385
0.598844654
0.598842638
0.598838923
0.598830715
0.5988005
0.598787538
0.598765431
0.598723692
0.598709692
0.598697231
0.598671154
0.598633385
0.598632615
0.598631731
0.598611877
0.598603615
0.598601885
0.598600077
0.598543885
0.598469385
0.598464769
0.598464154
0.598426738
0.598423208
0.598408577
0.598372585
0.598365615
0.598321846
0.598277815
0.598274423
0.598241308
0.598228538
0.598227846
0.598212769
0.598207615
0.598206769
0.598194308
0.598189054
0.598138385
0.597951923
0.597940615
0.597919154
0.597918692
0.597906615
0.597893923
0.597822692
0.597797462
0.597767185
0.597748346
0.5977212
0.597709415
0.597706154
0.597689423
0.597674538
0.597674115
0.597652154
0.597638385
0.597592385
0.597498077
0.597479208
0.5974445
0.597439385
0.597411308
0.597396
0.597355077
0.597327492
0.597301385
0.597297385
0.597268662
0.597248585
0.597230746
0.597223692
0.597222354
0.597140654
0.597101692
0.597095769
0.597091769
0.597072769
0.597062385
0.597048846
0.597041308
0.597040192
0.597018185
0.596958692
0.596954308
0.596899846
0.596889031
0.596872615
0.596860769
0.596851154
0.596835
0.596821846
0.596804846
0.596794254
0.596788892
0.596786538
0.596728
0.596716462
0.596710923
0.596619108
0.596614431
0.596561569
0.596544285
0.596538
0.596516154
0.596515154
0.596512385
0.596445431
0.596440385
0.596432538
0.596410131
0.596403892
0.596401923
0.596345385
0.596317877
0.596304385
0.596245892
0.596243969
0.596216385
0.596189077
0.596182669
0.596173846
0.596168962
0.596149692
0.596127969
0.596057308
0.59604
0.596017331
0.595998031
0.595983492
0.595973269
0.595969462
0.595959885
0.595937877
0.595902769
0.595894846
0.595892346
0.595888
0.595848615
0.595847692
0.595845946
0.595808385
0.595789738
0.595770154
0.595727077
0.595692538
0.595667077
0.595625077
0.595605462
0.595603723
0.595579769
0.595575692
0.595564308
0.5955322
0.595510054
0.595484969
0.595480923
0.595460154
0.595458077
0.595450492
0.595449923
0.595411231
0.595393462
0.595369662
0.595362646
0.595330962
0.595320769
0.595303692
0.595260385
0.595189692
0.595128462
0.595119077
0.595100338
0.595098538
0.595094769
0.595086615
0.595081846
0.595021692
0.594992962
0.594979846
0.594939846
0.594930692
0.594834962
0.594834823
0.594819877
0.594815231
0.594787738
0.594759308
0.5946865
0.594666231
0.594593615
0.594580038
0.594542692
0.594530885
0.594496815
0.594491923
0.594473208
0.594467885
0.594420462
0.594377154
0.594271538
0.594234846
0.594225569
0.594185362
0.594179954
0.594173715
0.594160615
0.594155154
0.594093077
0.594076154
0.594043408
0.594030769
0.594012154
0.593990077
0.593958385
0.593889815
0.593841077
0.593803385
0.593801877
0.593717969
0.593682385
0.593662262
0.593640538
0.593631077
0.593627969
0.593602
0.593597231
0.593586077
0.593578954
0.593573692
0.593548877
0.593504585
0.593499585
0.593492892
0.593492662
0.593460846
0.593435308
0.593427231
0.593418385
0.593342962
0.593333923
0.593318115
0.593285331
0.593269692
0.593226154
0.593223431
0.593216077
0.593168646
0.593159654
0.593124492
0.593046231
0.593038231
0.593034485
0.593025923
0.593021646
0.593017569
0.592991208
0.592983638
0.592964108
0.592964077
0.592950769
0.592940692
0.592919385
0.592861769
0.592836231
0.592772615
0.592765923
0.592763746
0.592763538
0.592728031
0.592722923
0.592680892
0.592675669
0.592619538
0.592589885
0.592584654
0.592527538
0.592494923
0.592492592
0.592484615
0.592476692
0.592448769
0.592418308
0.592345231
0.592303185
0.592299462
0.59228
0.592274538
0.592267877
0.592257077
0.592218923
0.592211923
0.592205662
0.592165815
0.592153808
0.592129538
0.592094385
0.592041615
0.592023385
0.592011
0.592009385
0.592003077
0.591922846
0.591885815
0.591869354
0.591864
0.591862923
0.591854823
0.591762115
0.591752023
0.591672431
0.591614
0.591602277
0.591557385
0.591519154
0.591448408
0.591445431
0.591434923
0.591408885
0.591372462
0.591365515
0.591337769
0.591320923
0.591319115
0.591282
0.591278077
0.591217846
0.591214115
0.591173231
0.59113
0.591125846
0.591016615
0.590954231
0.590925308
0.590898846
0.590862769
0.590851385
0.5907459
0.590709077
0.590665
0.590634254
0.590607308
0.590585192
0.590571154
0.590551269
0.590535492
0.590520769
0.590495615
0.590478
0.590464792
0.590449077
0.590435492
0.590427538
0.590371308
0.590329354
0.590312538
0.590296692
0.590294462
0.590292585
0.590237108
0.590189154
0.590137538
0.590136277
0.590133385
0.590078646
0.590063923
0.590055123
0.590050308
0.590041154
0.590006846
0.590006769
0.589974892
0.589912308
0.589911077
0.589906208
0.589904054
0.589887077
0.589863385
0.589826308
0.589822923
0.589785808
0.589772054
0.5897638
0.589747462
0.589685077
0.589676769
0.589671962
0.589637846
0.589632231
0.5896058
0.589544615
0.589533131
0.589456308
0.589424615
0.589417923
0.589381385
0.589311585
0.589292046
0.5892755
0.589253077
0.589239415
0.589237077
0.589178538
0.589155508
0.589143692
0.589056308
0.589055231
0.589052023
0.588982108
0.588966385
0.588951615
0.588939231
0.588933308
0.588900123
0.588882654
0.588851846
0.588830346
0.588805123
0.588787885
0.5887452
0.588700815
0.588700269
0.588687846
0.588677769
0.588663385
0.588589846
0.588579
0.588544462
0.588521
0.588492692
0.588463923
0.588403115
0.588354331
0.588329662
0.588314385
0.588276231
0.588273923
0.588261254
0.588210823
0.588206077
0.588194615
0.588193
0.588161385
0.588158877
0.588142
0.588092254
0.588088585
0.588088308
0.588070154
0.588041077
0.588015408
0.588013308
0.587964615
0.587945262
0.587882585
0.587871231
0.587820538
0.587817923
0.587771615
0.587738692
0.587690846
0.587689508
0.587657769
0.587652538
0.587609385
0.587602231
0.587597231
0.587577954
0.587554385
0.587553562
0.587550492
0.587529723
0.587520969
0.587486577
0.587449692
0.587438892
0.587420462
0.587376123
0.587353338
0.587314846
0.587313846
0.587279615
0.587279462
0.587256046
0.587185577
0.587178385
0.5871555
0.587145462
0.587140846
0.587122923
0.587116569
0.587024731
0.586945692
0.586877308
0.586873
0.586869808
0.586865769
0.58686
0.586842846
0.586838585
0.586825923
0.586820385
0.586792277
0.586774308
0.586771646
0.586744231
0.586735231
0.586709077
0.586685231
0.586658485
0.586617385
0.586571923
0.586508738
0.586505123
0.586493885
0.586492508
0.586491462
0.586468
0.586456385
0.5864518
0.586432
0.586328615
0.586326154
0.5862938
0.586242492
0.586234923
0.586215
0.586214
0.586211692
0.586203385
0.586146254
0.586127615
0.586091415
0.586042769
0.585956154
0.585952
0.585950108
0.585945662
0.585924385
0.5858955
0.585893769
0.585846462
0.585829108
0.585822738
0.585804231
0.585790231
0.585722308
0.585720815
0.585702615
0.585681431
0.585630538
0.585555385
0.585553077
0.585550385
0.585542277
0.585515769
0.5855072
0.585475923
0.585463538
0.585454692
0.585433769
0.585425815
0.585376077
0.585369423
0.585344569
0.585330723
0.585299692
0.585185538
0.585168615
0.585137692
0.585093077
0.585084285
0.585058615
0.585050923
0.585048769
0.584983154
0.584967962
0.584964569
0.584954
0.584950308
0.584919954
0.584912438
0.584893923
0.584886462
0.584875308
0.584807462
0.584798615
0.584761769
0.5847389
0.584692
0.584687154
0.584659769
0.584649462
0.584595846
0.584558692
0.584538923
0.584530462
0.584526569
0.584456046
0.584445615
0.584388615
0.584380692
0.584371869
0.584371769
0.584351385
0.5843489
0.584343123
0.584305431
0.584280946
0.584212462
0.584141385
0.584132231
0.584119154
0.584106615
0.584102046
0.584097185
0.584066415
0.584060077
0.584058485
0.584052431
0.584048692
0.584021808
0.584020231
0.583996
0.583964354
0.583921308
0.583861562
0.583809692
0.583805154
0.5838048
0.583791185
0.583775962
0.583775538
0.583772308
0.583760646
0.583686846
0.583676231
0.583644415
0.583641254
0.583640885
0.583568031
0.5835275
0.583507077
0.583506154
0.583500131
0.583481746
0.583372462
0.583359154
0.583273038
0.583262231
0.583145308
0.583083615
0.583057154
0.583053615
0.583036615
0.583028462
0.583023385
0.583005692
0.583000962
0.582997569
0.582977077
0.582973
0.582963
0.582950023
0.582946769
0.5829365
0.582905277
0.582859308
0.582829077
0.582805385
0.582771846
0.582757962
0.582712385
0.582663077
0.582652077
0.582651038
0.582598
0.582588954
0.582510538
0.582444577
0.582423923
0.582420415
0.582411423
0.582361385
0.582350615
0.582324038
0.582317923
0.582278415
0.582184615
0.582180115
0.582130769
0.582098408
0.582087231
0.582026846
0.582021885
0.582010231
0.581984923
0.581981231
0.581968977
0.581962738
0.581934462
0.581756538
0.581756462
0.581756462
0.581746515
0.581730654
0.581699977
0.581675692
0.581645308
0.581629185
0.581610615
0.581591923
0.581576638
0.581568569
0.581567977
0.581532123
0.581504431
0.581438492
0.581436462
0.581411123
0.581407177
0.581394231
0.581386731
0.581308231
0.581265277
0.581248462
0.581186277
0.581184031
0.581076538
0.581074692
0.581065308
0.581041115
0.581022408
0.581016585
0.580954277
0.580894462
0.580827923
0.580806615
0.580793438
0.580790692
0.580786646
0.580779923
0.580760192
0.580734231
0.580716731
0.580690615
0.580630808
0.580626385
0.580623308
0.580588077
0.5805558
0.580546923
0.580546077
0.580499038
0.580478492
0.580446692
0.580393262
0.580346308
0.580323231
0.580310462
0.580292892
0.580285385
0.580278723
0.580271615
0.580267123
0.580251154
0.580237385
0.580236038
0.580234846
0.580234023
0.580227846
0.580198492
0.5801658
0.580161308
0.5801365
0.580100846
0.580090846
0.580074646
0.580073638
0.580061769
0.580019262
0.580015769
0.579987031
0.579951723
0.579912769
0.579912308
0.579891431
0.579877362
0.579870115
0.579844615
0.579843
0.579836962
0.579835154
0.579821538
0.579703362
0.5796278
0.579566308
0.579484108
0.579470354
0.579435615
0.579402846
0.579381492
0.579372615
0.579358431
0.579335415
0.579333354
0.579268885
0.579260815
0.579260231
0.5792455
0.579205077
0.579196308
0.579144
0.579142154
0.579122462
0.579097592
0.579083077
0.579073154
0.579053769
0.578991954
0.578930977
0.578876231
0.578839
0.578811715
0.578800077
0.578784023
0.578760615
0.578704431
0.578565962
0.578533538
0.578497415
0.578497385
0.578491769
0.578452385
0.578429154
0.578415485
0.578413846
0.578380046
0.578359077
0.578354415
0.578330115
0.578328462
0.578326723
0.578275615
0.578178308
0.578175538
0.578168815
0.578146023
0.578113692
0.578041077
0.578034431
0.578015846
0.577987615
0.577966462
0.577955615
0.577951538
0.577947592
0.577938923
0.577922077
0.577896538
0.577836954
0.577835123
0.577790154
0.577781692
0.577776892
0.577773154
0.577772615
0.577772
0.577746154
0.5777298
0.5777249
0.577709946
0.577708577
0.577705077
0.577653054
0.577632769
0.577582262
0.577563462
0.5775542
0.577540846
0.577473923
0.577471462
0.577469538
0.577408538
0.577378046
0.577300308
0.577294923
0.577283846
0.577245723
0.577211692
0.5771592
0.577141
0.577110923
0.577095077
0.577087262
0.577064662
0.577047923
0.577036508
0.577020046
0.576988769
0.576956538
0.576949231
0.576930615
0.5768952
0.576885615
0.576879462
0.576874385
0.576857385
0.576778077
0.576700923
0.5766378
0.576624731
0.576617231
0.576581538
0.576545615
0.576507492
0.576483154
0.5764185
0.576413869
0.576394615
0.576379346
0.576360638
0.576276538
0.576231769
0.576205692
0.576205023
0.576191177
0.576185462
0.576157308
0.576156977
0.5761202
0.576036
0.576000769
0.575986185
0.5759821
0.575973577
0.575960692
0.575960462
0.575957077
0.575943131
0.575927038
0.575910577
0.575908692
0.575907962
0.575877885
0.575870077
0.575788462
0.575784538
0.575774
0.575763815
0.575729423
0.575694231
0.575689538
0.575688538
0.575628846
0.575531385
0.575531154
0.575521769
0.575368923
0.575347538
0.575331954
0.575197231
0.575193715
0.575186846
0.575165885
0.575146154
0.575114808
0.575087615
0.575081231
0.575073923
0.575045846
0.575014031
0.574996654
0.574947769
0.574934577
0.574925846
0.574921877
0.574901977
0.574860769
0.574852846
0.574827746
0.574808462
0.5748061
0.574795
0.574792923
0.574790769
0.574789692
0.574727331
0.5746642
0.574658654
0.574657615
0.574609692
0.574518077
0.574495615
0.574489285
0.574482538
0.574478508
0.574449
0.574421923
0.574417154
0.574378615
0.574346462
0.574346277
0.574298385
0.574297
0.574275615
0.574237077
0.574221231
0.574217308
0.574214046
0.574188415
0.574174662
0.574130508
0.574102923
0.574088
0.574072692
0.574017769
0.5740008
0.573992592
0.573880769
0.573866046
0.573859077
0.573852885
0.573818692
0.573818154
0.5737848
0.573777462
0.573741538
0.573732485
0.573702692
0.573692462
0.573688615
0.573655462
0.573651977
0.573621577
0.573597415
0.573513508
0.573459815
0.573434415
0.573365846
0.573356423
0.573331077
0.573326154
0.573277462
0.573252577
0.573252023
0.573228869
0.573125462
0.573076331
0.573066923
0.572994846
0.572994615
0.572976538
0.572963723
0.572915715
0.572859154
0.572829077
0.572804946
0.572803769
0.572733738
0.572711869
0.572654746
0.572648969
0.572606054
0.572598923
0.572565431
0.5725475
0.572539769
0.572454923
0.572383815
0.572358462
0.572352
0.572340123
0.572271769
0.572240492
0.572237054
0.572132462
0.572123385
0.572104846
0.572080308
0.572070892
0.572015923
0.571994615
0.571993731
0.571979308
0.571945262
0.571931923
0.571910508
0.571909769
0.571897692
0.571890338
0.571844538
0.571796308
0.571751277
0.571732569
0.571705192
0.571678508
0.5716499
0.571639815
0.571625538
0.571570808
0.571493231
0.571487
0.571480023
0.571390115
0.571344954
0.571336077
0.571307308
0.571273108
0.571228385
0.571201123
0.5711511
0.571125423
0.571119846
0.571092308
0.571091923
0.571086846
0.571085077
0.571067615
0.571065962
0.571041231
0.571009462
0.570999769
0.570984077
0.570957569
0.570929738
0.570909308
0.570903154
0.570871185
0.570852346
0.570841846
0.570811769
0.570785038
0.570680362
0.570678077
0.570596615
0.570593077
0.570578692
0.570564077
0.570527077
0.570524108
0.570511077
0.570459769
0.570451077
0.570440769
0.570435615
0.570387885
0.570349385
0.570284923
0.570126846
0.570109231
0.570074
0.570058769
0.570057462
0.570041462
0.570023231
0.569993769
0.569974077
0.569969077
0.569968692
0.569925123
0.569916308
0.569903462
0.569859923
0.569805962
0.569718538
0.569701
0.569680462
0.569640692
0.569628385
0.569608485
0.569525308
0.569492846
0.569462923
0.569404177
0.569386769
0.569367385
0.569347646
0.569339846
0.569334231
0.569296769
0.569291692
0.569254846
0.569234154
0.569230046
0.569214769
0.569213946
0.569213077
0.569076923
0.569066077
0.569008462
0.568986769
0.568963923
0.568898154
0.568859154
0.568831538
0.568811438
0.568795846
0.568768338
0.568747769
0.568698923
0.568687923
0.568648692
0.568622808
0.568572846
0.568527715
0.568501077
0.568497462
0.568450738
0.568417692
0.568294662
0.568253923
0.568243492
0.568223508
0.568211354
0.568210615
0.568202638
0.568196308
0.568181046
0.568171646
0.568143
0.568081185
0.568061231
0.568033077
0.568032954
0.567976
0.567966308
0.567964077
0.567896415
0.567893846
0.567866562
0.567830115
0.567744646
0.567723654
0.567717462
0.567696615
0.567648231
0.567643077
0.567607285
0.567600769
0.567567846
0.567564277
0.567493346
0.567481385
0.567463177
0.567461385
0.567459538
0.567407231
0.567393692
0.567385846
0.567319
0.567312
0.567282615
0.567232
0.567230585
0.567227192
0.567194362
0.567188815
0.567164692
0.567099177
0.567088038
0.567079969
0.567074415
0.567039385
0.567032615
0.566898723
0.566859923
0.566839577
0.566830723
0.566821738
0.566816746
0.5667885
0.566764
0.566736615
0.566722154
0.566717462
0.566597808
0.566597354
0.566551308
0.566505746
0.566488154
0.566469308
0.566386123
0.566377615
0.566347846
0.566282231
0.566273769
0.566235692
0.566233308
0.566232308
0.566229385
0.566227923
0.566214538
0.566184538
0.566140923
0.566132154
0.566071692
0.566052792
0.566032892
0.565939538
0.5659279
0.565914769
0.565869154
0.565821692
0.565772192
0.565765154
0.565759692
0.565740538
0.565739277
0.565738723
0.5657235
0.5657075
0.565703769
0.565654815
0.565649462
0.565643131
0.565642769
0.565640515
0.565634077
0.565622269
0.565615385
0.565602154
0.565599
0.565598154
0.565553946
0.565553077
0.565552538
0.565512846
0.565428154
0.565401769
0.565390723
0.565368123
0.565362231
0.565353723
0.565352231
0.565330769
0.565272431
0.565246462
0.565163538
0.565094715
0.565059077
0.565029108
0.565014438
0.564991508
0.564977538
0.564965654
0.564954969
0.564923385
0.564919077
0.564910538
0.564877615
0.564844746
0.564841723
0.564826131
0.564696969
0.564668769
0.564620846
0.5645862
0.564573269
0.5645442
0.564464154
0.564442538
0.564419808
0.564401692
0.564394408
0.564379646
0.564373462
0.564373
0.564323208
0.564260892
0.564242277
0.564142462
0.564131646
0.564123769
0.564043231
0.564029077
0.564019538
0.564001431
0.563971
0.563946731
0.563931385
0.563928846
0.563928577
0.563887815
0.563870808
0.563867692
0.563865123
0.563822431
0.563813769
0.563807154
0.563804769
0.563804615
0.563796346
0.563774308
0.563759077
0.563748538
0.563730962
0.563716108
0.563644923
0.563629269
0.563569154
0.563551231
0.563549815
0.563509285
0.563478385
0.563473
0.563356
0.563308462
0.563304385
0.563263346
0.563257538
0.563156923
0.563143123
0.563141885
0.563093846
0.563088923
0.563020231
0.563015115
0.562997231
0.562996923
0.562946615
0.562852231
0.562840538
0.562815346
0.562787308
0.562740769
0.562733415
0.562624538
0.562558154
0.562496077
0.562439846
0.562434077
0.562418154
0.562415231
0.562377231
0.562375415
0.562338046
0.562286515
0.562280462
0.562275231
0.562253
0.562252354
0.562222
0.562219115
0.562203923
0.562159462
0.562143508
0.562124077
0.562086885
0.562016738
0.562006508
0.561998231
0.561988585
0.561938231
0.561861808
0.561852846
0.561812385
0.561799177
0.561785923
0.561775654
0.561770154
0.561745715
0.561638462
0.561633154
0.561632285
0.561600154
0.561588954
0.561562538
0.561553
0.561471538
0.561409731
0.561383638
0.561289385
0.561284746
0.561269538
0.561235046
0.561223
0.561222538
0.561213723
0.561198308
0.561190769
0.561165385
0.561145615
0.561134262
0.561130385
0.561079846
0.561025385
0.560973562
0.560967538
0.560955
0.560914692
0.560913154
0.560876385
0.560844692
0.560798185
0.560795
0.560771462
0.560698508
0.560669154
0.560623823
0.560589231
0.560535877
0.560506723
0.560461462
0.5604368
0.560434077
0.560426923
0.560331577
0.560264769
0.560246538
0.560229231
0.560219154
0.560155
0.560103331
0.559994538
0.559994308
0.559924846
0.559888385
0.559877431
0.559854846
0.559825615
0.559816385
0.559802
0.559783462
0.559763154
0.559754738
0.559752815
0.559719385
0.559718154
0.559685731
0.559658823
0.559644385
0.559608923
0.5595668
0.559531154
0.559445538
0.559400277
0.559325154
0.559286077
0.559270885
0.559237308
0.559233308
0.559209585
0.559130354
0.559117846
0.558929308
0.558880462
0.558779154
0.558778646
0.558539615
0.558442
0.5583781
0.5583615
0.558360354
0.558311308
0.5582621
0.558222308
0.558170123
0.558148692
0.558133954
0.558062462
0.558034077
0.558016
0.557996492
0.557990485
0.557870231
0.557850308
0.557787154
0.557779846
0.557739923
0.557681692
0.557587746
0.557568669
0.557554185
0.557534692
0.557498
0.557495231
0.557481538
0.557466846
0.557461108
0.557399385
0.557376923
0.557341808
0.557339054
0.557314615
0.557252031
0.5572518
0.557250792
0.557244054
0.557237538
0.557227769
0.557218308
0.557157385
0.557134338
0.557098385
0.557094492
0.557034338
0.557020946
0.557019154
0.556973815
0.556967077
0.5569618
0.556956577
0.556954231
0.556946154
0.556915131
0.556891308
0.556887154
0.556876923
0.556862231
0.556852269
0.556775154
0.556766346
0.556732646
0.556730077
0.556666385
0.556625923
0.556582946
0.556560569
0.556560462
0.556557385
0.556546269
0.5565415
0.556532923
0.556522192
0.556519385
0.556494308
0.556489615
0.556452923
0.556372385
0.55631
0.556286769
0.556255808
0.556223254
0.556192385
0.556152
0.556128577
0.55609
0.556067077
0.556027769
0.556014823
0.556002615
0.555958923
0.5559532
0.555940408
0.555871131
0.555857285
0.555843115
0.555837077
0.555813923
0.555787
0.555766269
0.555714538
0.555679662
0.555622031
0.555615654
0.555581815
0.555566923
0.555549954
0.555537154
0.555518615
0.555511538
0.555496354
0.555487846
0.555480585
0.555461646
0.555395577
0.555309231
0.555288746
0.555262338
0.555261969
0.555251462
0.555251308
0.555247308
0.555243923
0.555239846
0.555236385
0.555231308
0.5552025
0.555142154
0.555115923
0.555105538
0.555087
0.555079808
0.555045423
0.555006723
0.554964692
0.554950615
0.554912923
0.554882385
0.554870638
0.554858615
0.554838269
0.554814108
0.554780962
0.554755154
0.554697285
0.554647615
0.554549077
0.554545077
0.554467154
0.554453823
0.554423923
0.554399354
0.554365308
0.554361846
0.554351077
0.554327738
0.554320946
0.554304077
0.554250569
0.554225
0.554187769
0.554174646
0.554167946
0.554167354
0.554114077
0.554047269
0.554008538
0.554008254
0.553987462
0.553986431
0.553908615
0.553895615
0.553869654
0.553860662
0.553668154
0.553623346
0.553554431
0.553549077
0.553470846
0.553409154
0.553403815
0.553372231
0.553314769
0.553301115
0.553238462
0.553219962
0.553212231
0.553198046
0.55319
0.553120846
0.552946385
0.552932669
0.552856769
0.552748946
0.552711846
0.552702408
0.552699769
0.552660308
0.552603231
0.552577192
0.552575154
0.552568154
0.552529231
0.552517462
0.552476462
0.552472231
0.552429615
0.552396592
0.552394385
0.552385769
0.552362662
0.552361977
0.552354385
0.552324615
0.552311131
0.552310023
0.552302769
0.552293431
0.552238177
0.552227538
0.552219923
0.552215846
0.552215615
0.552172108
0.552161
0.552150692
0.552139692
0.552121585
0.552118054
0.552105769
0.552044969
0.552027692
0.552017
0.552011462
0.551974154
0.551971792
0.551925231
0.551877308
0.551823154
0.551793692
0.551720946
0.551670923
0.551651615
0.551649923
0.551648046
0.551643769
0.551537731
0.551445385
0.551407769
0.551298308
0.551214923
0.551146308
0.551139808
0.551137308
0.551063738
0.551044308
0.551043338
0.551030954
0.551019038
0.550993592
0.550980308
0.550953654
0.550949115
0.550923669
0.550897615
0.550837154
0.550764615
0.550756769
0.550750462
0.550720769
0.550715923
0.550709154
0.550674385
0.550648662
0.550604
0.550602769
0.550594538
0.550571362
0.550568977
0.550518692
0.550486031
0.550477
0.550435415
0.550430538
0.550403185
0.550401231
0.550379692
0.550230769
0.550218823
0.550217769
0.550167885
0.550166154
0.550159385
0.550147892
0.550144731
0.550122123
0.5501058
0.550086462
0.550081731
0.5500721
0.550042
0.550028923
0.549994569
0.549993538
0.549986385
0.549985231
0.549977462
0.549967846
0.549943
0.549935769
0.549905385
0.549901692
0.549868154
0.549821577
0.549728415
0.549704769
0.549612638
0.549609692
0.549606692
0.549596538
0.549584615
0.549544538
0.549499923
0.549469923
0.549455154
0.549364962
0.549355192
0.549353954
0.549336615
0.549309669
0.549261431
0.549246385
0.549227769
0.549208538
0.5492082
0.549207285
0.549202769
0.549163
0.549121823
0.549094462
0.549085508
0.549062231
0.549051031
0.549037638
0.548988462
0.548982669
0.548918923
0.548790385
0.548757769
0.548739338
0.548733885
0.548691385
0.548648192
0.548542385
0.548511462
0.548447692
0.548429231
0.548409269
0.548376
0.548365077
0.548313
0.548232431
0.548224385
0.548211615
0.548187354
0.548159538
0.548108769
0.548034615
0.548029615
0.548023492
0.5480112
0.548006115
0.547992269
0.547940154
0.547826462
0.547753692
0.547749492
0.547697769
0.547697231
0.547688877
0.547619769
0.547611462
0.547602362
0.547461192
0.547446746
0.547426
0.547411808
0.547381154
0.547361192
0.547343231
0.547313077
0.547292692
0.547216769
0.547214692
0.547182462
0.547156538
0.547123231
0.547110462
0.547083
0.547050308
0.546977846
0.546945108
0.546935385
0.546924654
0.546903077
0.546853131
0.546805231
0.546796692
0.546767
0.5467535
0.546735662
0.546619846
0.546515154
0.546496969
0.546404031
0.546400154
0.546350769
0.546308569
0.546281077
0.546271692
0.546256923
0.546248231
0.546224669
0.546184846
0.546136923
0.546116969
0.546110692
0.546077585
0.546063769
0.546058277
0.546045254
0.545949338
0.545939077
0.545871385
0.545813715
0.545785
0.545730692
0.545726154
0.545709692
0.545681031
0.545605692
0.545600192
0.545558692
0.545553792
0.545460492
0.545460031
0.545422462
0.545393077
0.545390231
0.545365492
0.545319638
0.545256462
0.545243254
0.545236
0.545226769
0.545200846
0.545162969
0.545119508
0.545092962
0.545033123
0.545024646
0.544991154
0.544980154
0.544941654
0.544922846
0.544908615
0.544892846
0.544867
0.544824462
0.544808385
0.544770846
0.544697692
0.544621808
0.544603738
0.544541077
0.544508846
0.544479385
0.544425538
0.544398077
0.544385815
0.544385538
0.544362438
0.544353308
0.544312077
0.544279262
0.544273715
0.544232846
0.544230115
0.544203308
0.544126154
0.544088769
0.544080185
0.544071792
0.544002885
0.543977
0.543931846
0.543913108
0.543909577
0.543905462
0.543877
0.543821923
0.543788923
0.543735346
0.543695185
0.543690969
0.543689731
0.543610408
0.54348
0.543444692
0.543391
0.543386662
0.543350308
0.543328154
0.543327515
0.543327231
0.543301423
0.543288385
0.543230538
0.543210877
0.543159462
0.543156038
0.543134485
0.543093308
0.543051177
0.542955723
0.542942308
0.542896115
0.542875692
0.542825185
0.542772231
0.542717615
0.542710977
0.542678077
0.542611923
0.542483285
0.542472969
0.542414054
0.542386
0.542330877
0.542260231
0.542239154
0.542229923
0.542198738
0.542191269
0.542180815
0.542178792
0.542165846
0.542123462
0.542121254
0.542098654
0.542079692
0.542043154
0.541944962
0.541942692
0.541933462
0.541932077
0.541884077
0.541875269
0.541856385
0.5418368
0.541789115
0.541770077
0.541757577
0.541734077
0.541705946
0.541663946
0.541631462
0.541613
0.541530923
0.541496046
0.541489123
0.541475046
0.541399123
0.541358538
0.541325031
0.541226538
0.541189154
0.541147731
0.541057269
0.541046946
0.541046262
0.541000962
0.540942638
0.540883131
0.540858046
0.540774846
0.540771769
0.540761154
0.540688538
0.540618308
0.540528231
0.540445308
0.540359569
0.540342885
0.540318846
0.540303692
0.540299738
0.540279331
0.540238538
0.540054923
0.540038669
0.540005615
0.539999462
0.539975077
0.539973
0.539970231
0.539968977
0.539949462
0.539934723
0.539887615
0.539854769
0.539833723
0.539831431
0.539788285
0.539719185
0.539671846
0.539656385
0.539643077
0.539641108
0.539592154
0.539591308
0.539560769
0.539553254
0.539537769
0.539513846
0.539509231
0.539495346
0.539452154
0.539451423
0.539426769
0.539400346
0.539369585
0.539326462
0.539301846
0.539297692
0.539180077
0.539123046
0.539020254
0.538982654
0.538942231
0.538865646
0.538862538
0.5388518
0.538826385
0.538814615
0.538782338
0.538731815
0.538669846
0.538657846
0.538653615
0.538646262
0.538643508
0.538605362
0.538602
0.538585385
0.538557308
0.538536308
0.5384381
0.538391192
0.538273038
0.538266154
0.538221462
0.538209815
0.538208808
0.538166715
0.538162592
0.538089462
0.538075431
0.538056077
0.537937969
0.537936462
0.537927108
0.537879692
0.537832923
0.53777
0.537750385
0.537746154
0.537705877
0.537672177
0.537625869
0.537593962
0.537571262
0.537562877
0.537550615
0.537548662
0.537525308
0.537468654
0.537431885
0.537423262
0.537409231
0.537406662
0.537406538
0.537388277
0.537355385
0.537351877
0.537348569
0.537338077
0.537328492
0.537278231
0.537260815
0.537251308
0.537236846
0.537197615
0.537182046
0.537181038
0.537155923
0.537153023
0.537092269
0.537039231
0.536989308
0.536953346
0.536923269
0.536898877
0.536872846
0.536862569
0.536843308
0.536808415
0.536686692
0.536678115
0.536650054
0.536644154
0.5366241
0.536622585
0.536618615
0.536605254
0.536579692
0.536572462
0.536546923
0.536503562
0.536492692
0.536463715
0.536459269
0.536427077
0.536297308
0.536286692
0.536256308
0.536241923
0.536225846
0.536211462
0.536163923
0.536158923
0.536129923
0.536124
0.536059646
0.536058177
0.535975
0.535944923
0.535877077
0.535719462
0.535632192
0.535605462
0.535541615
0.535537738
0.535519031
0.535493031
0.535456954
0.535441731
0.535411769
0.535323892
0.535254692
0.535187123
0.535175769
0.535173277
0.535061692
0.535039808
0.534981846
0.534969538
0.534939077
0.534930154
0.534895615
0.534837923
0.534796031
0.534791031
0.534779154
0.534699846
0.534682615
0.534654538
0.534648577
0.534640185
0.534636192
0.534605662
0.534572231
0.534560362
0.534554769
0.534533031
0.534476846
0.534476308
0.534475585
0.534447154
0.534444723
0.534408415
0.534375615
0.534342308
0.534302615
0.534245923
0.534236154
0.534225769
0.534220538
0.534202154
0.534171508
0.534119615
0.534116123
0.5341158
0.534108846
0.534105692
0.534086385
0.534081154
0.534062538
0.534050969
0.534013646
0.534010692
0.533997308
0.533968769
0.533896846
0.533894254
0.533861538
0.533861385
0.5338435
0.533827308
0.533817923
0.533782792
0.533742846
0.533741023
0.533733154
0.533713192
0.533702462
0.533661431
0.533658462
0.533648038
0.533638308
0.533633969
0.533609662
0.533545846
0.533398308
0.533393023
0.533384038
0.533343046
0.533296515
0.533291515
0.533289154
0.533284846
0.533279308
0.533251385
0.533249746
0.533162077
0.533145308
0.5330751
0.533073538
0.533047046
0.533029846
0.533018154
0.533002
0.532967385
0.532924154
0.532878385
0.53286
0.532849462
0.532688231
0.532672615
0.532641408
0.532619723
0.532599231
0.532598308
0.532558885
0.532528346
0.532488154
0.532465923
0.532465692
0.532458654
0.532448338
0.532441962
0.532404869
0.532345154
0.532286231
0.532272538
0.532231331
0.532231308
0.532181154
0.532123954
0.532064077
0.532029154
0.531994692
0.531922808
0.531874692
0.5318649
0.531853308
0.531823592
0.531770723
0.531725746
0.531722077
0.531706769
0.531668308
0.531640423
0.531619538
0.531585462
0.531575077
0.531524769
0.531524
0.531507269
0.531489462
0.531454385
0.531443923
0.531410254
0.531379
0.531361562
0.531328538
0.5312468
0.531181192
0.531165692
0.531150331
0.531088154
0.531061108
0.531060969
0.531009615
0.530985962
0.530968923
0.530939
0.530873946
0.530871615
0.530868354
0.530847615
0.530819615
0.530803846
0.530796969
0.530795077
0.530787431
0.530771846
0.530765746
0.530763231
0.530756023
0.530741354
0.530738646
0.530735254
0.530712846
0.530701231
0.530681231
0.530669538
0.530665462
0.530653077
0.530612385
0.530587308
0.530429538
0.530373231
0.530292669
0.530262815
0.530251585
0.530237054
0.530231731
0.530225923
0.530224462
0.530221615
0.530213808
0.530203154
0.530199538
0.530193131
0.530176
0.530145077
0.530138231
0.530034123
0.530018308
0.529967846
0.529911231
0.529910154
0.529906792
0.529885692
0.529852969
0.529841231
0.529758792
0.529719
0.529710154
0.529635869
0.529625969
0.529536285
0.529523815
0.529517485
0.529474569
0.529469692
0.529463
0.529388231
0.529378423
0.529376538
0.529364115
0.529363569
0.529351154
0.529350462
0.529332023
0.529310538
0.529277154
0.529217538
0.529190577
0.5291539
0.529144592
0.529128038
0.529127262
0.529122308
0.529107362
0.529077923
0.529061308
0.529005023
0.529004846
0.528965308
0.528936077
0.528930846
0.528928077
0.528898462
0.528864492
0.528856692
0.528849923
0.528846385
0.528844385
0.528826154
0.528805808
0.528790385
0.528692231
0.528677923
0.528616615
0.528602646
0.528589615
0.528581308
0.528558354
0.528537692
0.528497515
0.528480046
0.528475
0.528436
0.528435108
0.528358815
0.528354538
0.528334885
0.528321723
0.528285308
0.528274269
0.528254462
0.528154154
0.528153769
0.528125485
0.528096615
0.527923923
0.527920038
0.527882577
0.527854746
0.527840485
0.527826962
0.527747231
0.527728231
0.527721538
0.527699769
0.527650808
0.527606692
0.527534115
0.527523692
0.527504592
0.527499308
0.527451154
0.527444538
0.527407231
0.527343846
0.527343308
0.527320769
0.527297031
0.527285792
0.527275538
0.527272038
0.527265692
0.527224462
0.527118923
0.527076354
0.527034954
0.527009923
0.527008592
0.526892923
0.526891808
0.526883846
0.526801346
0.526696846
0.526682277
0.526655769
0.526632346
0.526536654
0.526509969
0.526486462
0.526459354
0.526400769
0.526328592
0.526238077
0.526194538
0.526193885
0.526183846
0.526180585
0.526076462
0.526075462
0.526029746
0.526024977
0.526008308
0.525985954
0.525883892
0.525864731
0.525854923
0.525835662
0.525818308
0.525795131
0.525794577
0.525738154
0.525690846
0.525642615
0.525590638
0.525576077
0.525563615
0.525562462
0.525561769
0.525542954
0.525519154
0.525475385
0.525451031
0.525424615
0.525368
0.525362815
0.525321846
0.525283
0.5252541
0.525236846
0.525172031
0.525170923
0.525006692
0.524826277
0.524782
0.524769615
0.524739577
0.524735846
0.524728346
0.524703615
0.524679385
0.524640492
0.524598592
0.524591154
0.524554231
0.524536615
0.524489308
0.524411892
0.524409185
0.524366308
0.524218585
0.524214692
0.524198869
0.524156846
0.524146738
0.524120192
0.524015385
0.524015
0.523944954
0.523849362
0.523836846
0.523796308
0.523699077
0.523697962
0.523655738
0.523599923
0.523552023
0.523550192
0.523530769
0.523464362
0.523446615
0.5234109
0.523363615
0.523339769
0.523312462
0.523089492
0.523021815
0.523014692
0.522996046
0.522990769
0.522964615
0.522943046
0.522935846
0.522894354
0.5228828
0.522877538
0.522864877
0.522821615
0.522796646
0.522782577
0.522665462
0.522664538
0.522586077
0.522584046
0.522582769
0.522579769
0.522557954
0.522453969
0.522439154
0.522431308
0.522409262
0.522404077
0.522313669
0.522250262
0.522249431
0.522215538
0.522203
0.522196892
0.5221415
0.522138338
0.5220808
0.522027338
0.521994538
0.521886462
0.521880077
0.521873692
0.521872
0.521814923
0.521807808
0.521793185
0.521741
0.521737662
0.521674308
0.521661385
0.521644585
0.521594692
0.521575538
0.521552654
0.521513231
0.521493615
0.521485669
0.521438354
0.521410308
0.521370385
0.521292308
0.521292231
0.521274923
0.521176615
0.521172192
0.521139769
0.521131385
0.521130308
0.521121669
0.521072192
0.521049823
0.521034508
0.521025431
0.520999431
0.520992077
0.520970592
0.520969492
0.520936308
0.520917385
0.520823538
0.520808231
0.520694808
0.520671538
0.520653846
0.520619923
0.520611308
0.520583077
0.520515231
0.520509846
0.520502154
0.520476692
0.520414231
0.520405846
0.520391077
0.520320385
0.520217285
0.520215462
0.520171231
0.520160846
0.520120585
0.520115038
0.520111692
0.520098808
0.520060231
0.520053185
0.520015538
0.520006508
0.519981231
0.519973462
0.519953308
0.519914615
0.519817977
0.519790192
0.519786769
0.5197332
0.519712308
0.519707615
0.519687846
0.519675385
0.519672308
0.519632154
0.519624615
0.519604
0.519576462
0.519556462
0.519547462
0.519505969
0.519474231
0.519462277
0.519440538
0.519429923
0.519410462
0.519401615
0.519373415
0.519354615
0.519298385
0.519292923
0.519278692
0.519265231
0.519256038
0.519107123
0.519094923
0.519025769
0.519001023
0.518963154
0.518897038
0.518869846
0.518758208
0.518744923
0.518736692
0.518734769
0.518665308
0.518647385
0.518635615
0.518632
0.518612462
0.518606385
0.518596538
0.518517308
0.518473662
0.518463077
0.518454385
0.518446231
0.518254308
0.518209308
0.518171969
0.518115308
0.518065231
0.517892846
0.517877662
0.517863038
0.517750792
0.517718331
0.517698308
0.517673308
0.517651346
0.517616462
0.517588615
0.517574046
0.517447538
0.517433885
0.517404585
0.517371769
0.517249
0.517242308
0.517192615
0.517152731
0.517152538
0.517140808
0.517104815
0.517086846
0.517075308
0.517064538
0.517052615
0.517031508
0.516981231
0.516966262
0.516934462
0.516897
0.516762185
0.516717338
0.516667415
0.516633
0.516523123
0.5164969
0.516472846
0.516456046
0.516388415
0.516332115
0.516314615
0.516261
0.516245638
0.5162212
0.516181077
0.516179115
0.516159923
0.516148154
0.516140077
0.516093154
0.516055769
0.5160262
0.515900023
0.515866462
0.515848462
0.515824385
0.515788923
0.515773923
0.515725662
0.5157235
0.515659385
0.515611538
0.515577231
0.515577
0.515534054
0.515521077
0.515514792
0.515502154
0.515434154
0.515404077
0.515377108
0.515358154
0.515337
0.515301923
0.515287231
0.515282769
0.515211077
0.515172
0.515169077
0.515167115
0.515156431
0.5151082
0.515075277
0.515029923
0.515025262
0.514950431
0.514909308
0.514897154
0.5147768
0.514756346
0.514744923
0.514673731
0.514667846
0.514659769
0.514625954
0.514611308
0.514565108
0.514468538
0.514363277
0.514271262
0.514258923
0.514167308
0.514109462
0.514099508
0.514098954
0.514080077
0.514010969
0.514002846
0.513987923
0.513958977
0.513953769
0.513910692
0.513908231
0.5138858
0.513877077
0.513833031
0.513820769
0.513815285
0.513797846
0.513697815
0.513674154
0.513673538
0.513455385
0.513424508
0.513413308
0.513372515
0.513353254
0.513346231
0.513314077
0.513302823
0.513302077
0.513286954
0.513285585
0.513277154
0.513266538
0.513165231
0.513151538
0.513145646
0.513142577
0.513110662
0.513107823
0.513065
0.513024462
0.512957615
0.512919423
0.512870231
0.512829
0.5127789
0.512765646
0.512764769
0.512744508
0.512741154
0.512735615
0.512723692
0.512696154
0.512677
0.512599577
0.512588208
0.512517508
0.512460308
0.512384592
0.512356023
0.512301646
0.512298438
0.512283123
0.512236954
0.512213231
0.512186423
0.512163154
0.512156923
0.512131362
0.512127231
0.512123154
0.512026154
0.511975846
0.511971923
0.511919385
0.511892254
0.511873923
0.511834254
0.511822462
0.511813231
0.511805046
0.511784877
0.511710738
0.511662077
0.5116371
0.511630308
0.511626462
0.511623892
0.511566538
0.511490231
0.511463846
0.511443431
0.511440385
0.511414846
0.511367769
0.511356269
0.511354438
0.511149
0.511100662
0.511084792
0.511018585
0.511002585
0.510990577
0.510954538
0.510850185
0.510812262
0.510772077
0.510665923
0.510648154
0.510623385
0.510606231
0.510561054
0.510553538
0.510546077
0.510433269
0.510218077
0.510198885
0.510152254
0.510089308
0.510055385
0.510043692
0.510006269
0.509929431
0.509925254
0.509879692
0.509870231
0.509756846
0.509705615
0.509677308
0.509648769
0.509640438
0.509634431
0.509548462
0.509539692
0.509529154
0.509422308
0.509403077
0.509365692
0.509338692
0.509293462
0.509258277
0.509225385
0.509096
0.509077038
0.509075431
0.509063231
0.509062615
0.509035815
0.508967154
0.508962923
0.508906308
0.508884385
0.508872385
0.508848538
0.508837885
0.508831
0.508828577
0.508799646
0.508761362
0.508754208
0.508746692
0.508738846
0.508699077
0.508666692
0.508654023
0.508612031
0.508584308
0.508578054
0.508560585
0.5084118
0.508397385
0.508302615
0.508280923
0.508280231
0.508277
0.508258846
0.508209231
0.508209192
0.508205662
0.508202615
0.508193
0.508162885
0.508096769
0.508094892
0.508084346
0.508075692
0.508069946
0.508034846
0.5080252
0.507998923
0.507805485
0.507764038
0.507755154
0.507696385
0.507687769
0.507599154
0.507555462
0.507538692
0.507524231
0.507485538
0.507464231
0.507458923
0.507451154
0.507426492
0.507327615
0.507320715
0.507318331
0.507317462
0.5072292
0.507229
0.507151615
0.507063231
0.507009538
0.507009354
0.506976231
0.5069315
0.506911846
0.506806192
0.506777385
0.506708154
0.506707338
0.506699846
0.506596462
0.506547462
0.506513769
0.506455923
0.506433077
0.5064255
0.506355615
0.506325538
0.506292154
0.506274077
0.506260123
0.506186846
0.506117231
0.506100154
0.506058615
0.506049769
0.506037885
0.506025969
0.506025308
0.505985208
0.505934077
0.505888538
0.505877508
0.505848923
0.505701
0.505630508
0.505625654
0.505605692
0.505570462
0.505568338
0.505542462
0.505461462
0.505441108
0.505440192
0.505421538
0.505345154
0.505230462
0.505230385
0.505169462
0.505137846
0.5050562
0.505016815
0.504970415
0.504897154
0.504890131
0.504879077
0.504875046
0.504857692
0.504825023
0.504782885
0.504770308
0.504656115
0.504632231
0.504583262
0.504545892
0.504541946
0.504522046
0.504408385
0.504394038
0.504382346
0.504291923
0.504260338
0.504155615
0.504044662
0.503997615
0.5038769
0.503855692
0.503835723
0.503804308
0.503709408
0.503643431
0.503532231
0.5035112
0.503507
0.503421077
0.503357154
0.5033151
0.503284231
0.503243577
0.503220615
0.503127692
0.503067
0.503042231
0.503028154
0.502999538
0.502987846
0.502927538
0.502893
0.502847077
0.502835846
0.502752154
0.502698462
0.502684077
0.502651154
0.502631662
0.502596538
0.502552115
0.502545515
0.502544154
0.502493692
0.502453354
0.502421946
0.502420892
0.502411846
0.502390462
0.502378615
0.502370923
0.502332354
0.502323385
0.5022291
0.502166077
0.502134
0.502111923
0.501961385
0.501954769
0.501942815
0.501919346
0.501906415
0.5018922
0.501889385
0.501854769
0.501773131
0.501684538
0.501649154
0.501625231
0.501573538
0.501534231
0.501473154
0.501446769
0.501189462
0.501165769
0.501092262
0.501060808
0.500882231
0.500853769
0.500755308
0.500734038
0.500684923
0.500670308
0.500660954
0.500639923
0.500572692
0.500526108
0.500521923
0.500483
0.500404746
0.500241923
0.500229615
0.500224231
0.500127
0.500063346
0.500024154
0.499883338
0.499850923
0.499813738
0.499803846
0.499798077
0.499774492
0.499772769
0.499761077
0.499758815
0.499693154
0.499616308
0.499598569
0.499570738
0.499546769
0.499459231
0.499390923
0.499300954
0.499283715
0.499222
0.499211962
0.499188577
0.499176885
0.499163
0.499017462
0.498954423
0.498683269
0.498591662
0.498586692
0.498557415
0.498516462
0.498497077
0.498455
0.498427769
0.498379515
0.498278738
0.498216654
0.498142231
0.498098269
0.498080231
0.498039462
0.497983846
0.497794692
0.497770723
0.497756538
0.497626115
0.497613046
0.497516154
0.497473338
0.497454769
0.497444846
0.497240562
0.497212769
0.497206769
0.497136846
0.497121308
0.497076538
0.497060192
0.497050846
0.496916846
0.496735231
0.496564077
0.496523692
0.496412331
0.496389731
0.496381885
0.496375515
0.496292115
0.496269308
0.496244662
0.496221277
0.496205415
0.496109615
0.496095308
0.496028769
0.496019154
0.495893269
0.495797077
0.495786577
0.495773508
0.495714231
0.495678385
0.495623946
0.495619923
0.495609869
0.495537885
0.495503538
0.495498308
0.495326692
0.495271615
0.495211
0.495174692
0.495121431
0.495082077
0.495044038
0.495016023
0.494951385
0.494800485
0.494756977
0.494741231
0.494622131
0.494610846
0.494603746
0.494353692
0.494294485
0.494271846
0.494140462
0.494117154
0.494094262
0.494075738
0.494073954
0.494048231
0.494015231
0.493944077
0.493909
0.493881562
0.493780462
0.493756346
0.493722692
0.493670885
0.493644108
0.493638885
0.493613023
0.493545231
0.493521185
0.493465769
0.493437923
0.493429538
0.493328385
0.493318577
0.493295846
0.493200154
0.493104638
0.493026
0.493010462
0.493008131
0.492920462
0.492893615
0.492869154
0.492858885
0.492789423
0.492780115
0.492753769
0.492728615
0.492697038
0.492672508
0.492553692
0.492490615
0.492417077
0.492409923
0.492335
0.492307038
0.492222354
0.492160638
0.492150615
0.491997
0.491903846
0.491895954
0.491869923
0.491815
0.491592231
0.491451692
0.491359646
0.491319023
0.491207923
0.491043462
0.491016154
0.490865077
0.490757638
0.490627462
0.490542385
0.490445354
0.490441415
0.490396231
0.490336308
0.490287231
0.490279538
0.490279462
0.490223769
0.490211308
0.490211154
0.490184692
0.490169338
0.490053338
0.490005846
0.489912354
0.489841154
0.489758438
0.489756923
0.489732769
0.489647231
0.489619308
0.489613415
0.489588308
0.489495231
0.489486046
0.489434385
0.489363846
0.489125115
0.489117
0.488951308
0.488865385
0.4888275
0.488811538
0.488719769
0.488712738
0.488678123
0.488632077
0.488579769
0.488566308
0.488544231
0.488527646
0.488391385
0.488381431
0.488354154
0.488352462
0.488330923
0.488317231
0.488277846
0.488276692
0.488231385
0.488202431
0.488192154
0.488158462
0.488110154
0.488071769
0.487985846
0.487984738
0.487956269
0.487936154
0.487922308
0.487918538
0.487906077
0.487813385
0.487779977
0.487685615
0.487677308
0.4876228
0.487610385
0.487574662
0.4875715
0.487564231
0.487538077
0.487507492
0.487355154
0.487341923
0.487297692
0.487261869
0.487233231
0.487114738
0.487058308
0.487050508
0.487031338
0.486881308
0.486865638
0.486842254
0.486811385
0.486808192
0.486695031
0.486593431
0.486496615
0.486128538
0.486030577
0.485986923
0.485889846
0.485633
0.485619769
0.485600646
0.485508692
0.485351308
0.485035185
0.485011846
0.484870769
0.484798692
0.484730738
0.484403077
0.484250308
0.484190846
0.484048692
0.483992646
0.483854638
0.483614385
0.483588077
0.483540077
0.483453769
0.483236585
0.483222
0.4831315
0.482990054
0.482896662
0.482862592
0.482855077
0.482498923
0.482105615
0.482066769
0.482061923
0.481964462
0.481827154
0.481456154
0.481384385
0.481274585
0.481232385
0.4811711
0.481118969
0.480952154
0.480919077
0.480847154
0.480685054
0.480524669
0.480522923
0.480470846
0.480429
0.480315308
0.480254431
0.480149769
0.480101385
0.479805154
0.479583231
0.479522923
0.479506346
0.479326338
0.479309923
0.479220462
0.479197692
0.479171538
0.479015769
0.478958923
0.478846385
0.478821769
0.478632462
0.478278492
0.478087208
0.478037277
0.477888538
0.477704077
0.476854492
0.476725231
0.476562538
0.476534869
0.476457892
0.476264038
0.476172154
0.475794769
0.475300415
0.475199846
0.475169154
0.475107615
0.474353569
0.474168615
0.474111438
0.473828731
0.473676877
0.472702431
0.472594538
0.472416385
0.471514508
0.471408231
0.471289538
0.471215569
0.471053615
0.470653131
0.470357385
0.47033
0.470317308
0.470211538
0.469967615
0.469565438
0.469396077
0.469010769
0.4688991
0.468843462
0.468648385
0.468054077
0.467834977
0.467619769
0.467566077
0.467033462
0.466964431
0.466761077
0.466372877
0.465979669
0.465806615
0.465546154
0.465439692
0.465266885
0.465135385
0.464103954
0.463037723
0.462196885
0.461669338
0.461578646
0.459827277
0.459071585
0.458632615
0.458353669
0.458281308
0.458006692
0.457979923
0.457900485
0.457845538
0.457198077
0.454993308
0.454893769
0.454783308
0.454771338
0.454333654
0.454312385
0.452842154
0.449716154
0.447149846
0.446816592
0.444881077
0.443568538
0.440331154
0.437748
0.437688738
0.4358265
0.433484923
0.4332459
0.431472077
0.431250885
0.431212692
0.430310046
0.428282077
0.426594077
0.426589308
0.424935723
0.424539846
0.422425038
0.421912123
0.419515185
0.417001338
0.415923538
0.414855923
0.405581615
0.404632154
0.399282846
0.390172615
0.388756485
0.387495538
0.387060615
0.382774954
0.381401962
0.376525954
0.374749508
0.349794169
0.335785692
0.320964869
0.285713923
